0.0 0 1
1.0 0 2
2.0 0 3
3.0 0 4
4.0 0 5
5.0 0 6
6.0 1 1 2
7.0 1 1 3
8.0 1 1 4
9.0 1 1 5
10.0 1 1 6
11.0 1 2 3
12.0 1 2 4
13.0 1 2 5
14.0 1 2 6
15.0 1 3 4
16.0 1 3 5
17.0 1 3 6
18.0 1 4 5
19.0 1 4 6
20.0 1 5 6
21.0 2 1 2 3
22.0 2 1 2 4
23.0 2 1 2 5
24.0 2 1 2 6
25.0 2 1 3 4
26.0 2 1 3 5
27.0 2 1 3 6
28.0 2 1 4 5
29.0 2 1 4 6
30.0 2 1 5 6
31.0 2 2 3 4
32.0 2 2 3 5
33.0 2 2 3 6
34.0 2 2 4 5
35.0 2 2 4 6
36.0 2 2 5 6
37.0 2 3 4 5
38.0 2 3 4 6
39.0 2 3 5 6
40.0 2 4 5 6
41.0 3 1 2 3 4
42.0 3 1 2 3 5
43.0 3 1 2 3 6
44.0 3 1 2 4 5
45.0 3 1 2 4 6
46.0 3 1 2 5 6
47.0 3 1 3 4 5
48.0 3 1 3 4 6
49.0 3 1 3 5 6
50.0 3 1 4 5 6
51.0 3 2 3 4 5
52.0 3 2 3 4 6
53.0 3 2 3 5 6
54.0 3 2 4 5 6
55.0 3 3 4 5 6
56.0 4 1 2 3 4 5
57.0 4 1 2 3 4 6
58.0 4 1 2 3 5 6
59.0 4 1 2 4 5 6
60.0 4 1 3 4 5 6
61.0 4 2 3 4 5 6
