0.0 0 1
1.0 0 2
2.0 0 3
3.0 0 4
4.0 0 5
5.0 0 6
6.0 0 7
7.0 1 1 2
8.0 1 1 3
9.0 1 1 4
10.0 1 1 5
11.0 1 1 6
12.0 1 1 7
13.0 1 2 3
14.0 1 2 4
15.0 1 2 5
16.0 1 2 6
17.0 1 2 7
18.0 1 3 4
19.0 1 3 5
20.0 1 3 6
21.0 1 3 7
22.0 1 4 5
23.0 1 4 6
24.0 1 4 7
25.0 1 5 6
26.0 1 5 7
27.0 1 6 7
28.0 2 1 2 3
29.0 2 1 2 4
30.0 2 1 2 5
31.0 2 1 2 6
32.0 2 1 2 7
33.0 2 1 3 4
34.0 2 1 3 5
35.0 2 1 3 6
36.0 2 1 3 7
37.0 2 1 4 5
38.0 2 1 4 6
39.0 2 1 4 7
40.0 2 1 5 6
41.0 2 1 5 7
42.0 2 1 6 7
43.0 2 2 3 4
44.0 2 2 3 5
45.0 2 2 3 6
46.0 2 2 3 7
47.0 2 2 4 5
48.0 2 2 4 6
49.0 2 2 4 7
50.0 2 2 5 6
51.0 2 2 5 7
52.0 2 2 6 7
53.0 2 3 4 5
54.0 2 3 4 6
55.0 2 3 4 7
56.0 2 3 5 6
57.0 2 3 5 7
58.0 2 3 6 7
59.0 2 4 5 6
60.0 2 4 5 7
61.0 2 4 6 7
62.0 2 5 6 7
63.0 3 1 2 3 4
64.0 3 1 2 3 5
65.0 3 1 2 3 6
66.0 3 1 2 3 7
67.0 3 1 2 4 5
68.0 3 1 2 4 6
69.0 3 1 2 4 7
70.0 3 1 2 5 6
71.0 3 1 2 5 7
72.0 3 1 2 6 7
73.0 3 1 3 4 5
74.0 3 1 3 4 6
75.0 3 1 3 4 7
76.0 3 1 3 5 6
77.0 3 1 3 5 7
78.0 3 1 3 6 7
79.0 3 1 4 5 6
80.0 3 1 4 5 7
81.0 3 1 4 6 7
82.0 3 1 5 6 7
83.0 3 2 3 4 5
84.0 3 2 3 4 6
85.0 3 2 3 4 7
86.0 3 2 3 5 6
87.0 3 2 3 5 7
88.0 3 2 3 6 7
89.0 3 2 4 5 6
90.0 3 2 4 5 7
91.0 3 2 4 6 7
92.0 3 2 5 6 7
93.0 3 3 4 5 6
94.0 3 3 4 5 7
95.0 3 3 4 6 7
96.0 3 3 5 6 7
97.0 3 4 5 6 7
98.0 4 1 2 3 4 5
99.0 4 1 2 3 4 6
100.0 4 1 2 3 4 7
101.0 4 1 2 3 5 6
102.0 4 1 2 3 5 7
103.0 4 1 2 3 6 7
104.0 4 1 2 4 5 6
105.0 4 1 2 4 5 7
106.0 4 1 2 4 6 7
107.0 4 1 2 5 6 7
108.0 4 1 3 4 5 6
109.0 4 1 3 4 5 7
110.0 4 1 3 4 6 7
111.0 4 1 3 5 6 7
112.0 4 1 4 5 6 7
113.0 4 2 3 4 5 6
114.0 4 2 3 4 5 7
115.0 4 2 3 4 6 7
116.0 4 2 3 5 6 7
117.0 4 2 4 5 6 7
118.0 4 3 4 5 6 7
119.0 5 1 2 3 4 5 6
120.0 5 1 2 3 4 5 7
121.0 5 1 2 3 4 6 7
122.0 5 1 2 3 5 6 7
123.0 5 1 2 4 5 6 7
124.0 5 1 3 4 5 6 7
125.0 5 2 3 4 5 6 7
