0.0 0 1
1.0 0 2
2.0 0 3
3.0 0 4
4.0 0 5
5.0 0 6
6.0 0 7
7.0 0 8
8.0 0 9
9.0 0 10
10.0 0 11
11.0 1 1 2
12.0 1 1 3
13.0 1 1 4
14.0 1 1 5
15.0 1 1 6
16.0 1 1 7
17.0 1 1 8
18.0 1 1 9
19.0 1 1 10
20.0 1 1 11
21.0 1 2 3
22.0 1 2 4
23.0 1 2 5
24.0 1 2 6
25.0 1 2 7
26.0 1 2 8
27.0 1 2 9
28.0 1 2 10
29.0 1 2 11
30.0 1 3 4
31.0 1 3 5
32.0 1 3 6
33.0 1 3 7
34.0 1 3 8
35.0 1 3 9
36.0 1 3 10
37.0 1 3 11
38.0 1 4 5
39.0 1 4 6
40.0 1 4 7
41.0 1 4 8
42.0 1 4 9
43.0 1 4 10
44.0 1 4 11
45.0 1 5 6
46.0 1 5 7
47.0 1 5 8
48.0 1 5 9
49.0 1 5 10
50.0 1 5 11
51.0 1 6 7
52.0 1 6 8
53.0 1 6 9
54.0 1 6 10
55.0 1 6 11
56.0 1 7 8
57.0 1 7 9
58.0 1 7 10
59.0 1 7 11
60.0 1 8 9
61.0 1 8 10
62.0 1 8 11
63.0 1 9 10
64.0 1 9 11
65.0 1 10 11
66.0 2 1 2 3
67.0 2 1 2 4
68.0 2 1 2 5
69.0 2 1 2 6
70.0 2 1 2 7
71.0 2 1 2 8
72.0 2 1 2 9
73.0 2 1 2 10
74.0 2 1 2 11
75.0 2 1 3 4
76.0 2 1 3 5
77.0 2 1 3 6
78.0 2 1 3 7
79.0 2 1 3 8
80.0 2 1 3 9
81.0 2 1 3 10
82.0 2 1 3 11
83.0 2 1 4 5
84.0 2 1 4 6
85.0 2 1 4 7
86.0 2 1 4 8
87.0 2 1 4 9
88.0 2 1 4 10
89.0 2 1 4 11
90.0 2 1 5 6
91.0 2 1 5 7
92.0 2 1 5 8
93.0 2 1 5 9
94.0 2 1 5 10
95.0 2 1 5 11
96.0 2 1 6 7
97.0 2 1 6 8
98.0 2 1 6 9
99.0 2 1 6 10
100.0 2 1 6 11
101.0 2 1 7 8
102.0 2 1 7 9
103.0 2 1 7 10
104.0 2 1 7 11
105.0 2 1 8 9
106.0 2 1 8 10
107.0 2 1 8 11
108.0 2 1 9 10
109.0 2 1 9 11
110.0 2 1 10 11
111.0 2 2 3 4
112.0 2 2 3 5
113.0 2 2 3 6
114.0 2 2 3 7
115.0 2 2 3 8
116.0 2 2 3 9
117.0 2 2 3 10
118.0 2 2 3 11
119.0 2 2 4 5
120.0 2 2 4 6
121.0 2 2 4 7
122.0 2 2 4 8
123.0 2 2 4 9
124.0 2 2 4 10
125.0 2 2 4 11
126.0 2 2 5 6
127.0 2 2 5 7
128.0 2 2 5 8
129.0 2 2 5 9
130.0 2 2 5 10
131.0 2 2 5 11
132.0 2 2 6 7
133.0 2 2 6 8
134.0 2 2 6 9
135.0 2 2 6 10
136.0 2 2 6 11
137.0 2 2 7 8
138.0 2 2 7 9
139.0 2 2 7 10
140.0 2 2 7 11
141.0 2 2 8 9
142.0 2 2 8 10
143.0 2 2 8 11
144.0 2 2 9 10
145.0 2 2 9 11
146.0 2 2 10 11
147.0 2 3 4 5
148.0 2 3 4 6
149.0 2 3 4 7
150.0 2 3 4 8
151.0 2 3 4 9
152.0 2 3 4 10
153.0 2 3 4 11
154.0 2 3 5 6
155.0 2 3 5 7
156.0 2 3 5 8
157.0 2 3 5 9
158.0 2 3 5 10
159.0 2 3 5 11
160.0 2 3 6 7
161.0 2 3 6 8
162.0 2 3 6 9
163.0 2 3 6 10
164.0 2 3 6 11
165.0 2 3 7 8
166.0 2 3 7 9
167.0 2 3 7 10
168.0 2 3 7 11
169.0 2 3 8 9
170.0 2 3 8 10
171.0 2 3 8 11
172.0 2 3 9 10
173.0 2 3 9 11
174.0 2 3 10 11
175.0 2 4 5 6
176.0 2 4 5 7
177.0 2 4 5 8
178.0 2 4 5 9
179.0 2 4 5 10
180.0 2 4 5 11
181.0 2 4 6 7
182.0 2 4 6 8
183.0 2 4 6 9
184.0 2 4 6 10
185.0 2 4 6 11
186.0 2 4 7 8
187.0 2 4 7 9
188.0 2 4 7 10
189.0 2 4 7 11
190.0 2 4 8 9
191.0 2 4 8 10
192.0 2 4 8 11
193.0 2 4 9 10
194.0 2 4 9 11
195.0 2 4 10 11
196.0 2 5 6 7
197.0 2 5 6 8
198.0 2 5 6 9
199.0 2 5 6 10
200.0 2 5 6 11
201.0 2 5 7 8
202.0 2 5 7 9
203.0 2 5 7 10
204.0 2 5 7 11
205.0 2 5 8 9
206.0 2 5 8 10
207.0 2 5 8 11
208.0 2 5 9 10
209.0 2 5 9 11
210.0 2 5 10 11
211.0 2 6 7 8
212.0 2 6 7 9
213.0 2 6 7 10
214.0 2 6 7 11
215.0 2 6 8 9
216.0 2 6 8 10
217.0 2 6 8 11
218.0 2 6 9 10
219.0 2 6 9 11
220.0 2 6 10 11
221.0 2 7 8 9
222.0 2 7 8 10
223.0 2 7 8 11
224.0 2 7 9 10
225.0 2 7 9 11
226.0 2 7 10 11
227.0 2 8 9 10
228.0 2 8 9 11
229.0 2 8 10 11
230.0 2 9 10 11
231.0 3 1 2 3 4
232.0 3 1 2 3 5
233.0 3 1 2 3 6
234.0 3 1 2 3 7
235.0 3 1 2 3 8
236.0 3 1 2 3 9
237.0 3 1 2 3 10
238.0 3 1 2 3 11
239.0 3 1 2 4 5
240.0 3 1 2 4 6
241.0 3 1 2 4 7
242.0 3 1 2 4 8
243.0 3 1 2 4 9
244.0 3 1 2 4 10
245.0 3 1 2 4 11
246.0 3 1 2 5 6
247.0 3 1 2 5 7
248.0 3 1 2 5 8
249.0 3 1 2 5 9
250.0 3 1 2 5 10
251.0 3 1 2 5 11
252.0 3 1 2 6 7
253.0 3 1 2 6 8
254.0 3 1 2 6 9
255.0 3 1 2 6 10
256.0 3 1 2 6 11
257.0 3 1 2 7 8
258.0 3 1 2 7 9
259.0 3 1 2 7 10
260.0 3 1 2 7 11
261.0 3 1 2 8 9
262.0 3 1 2 8 10
263.0 3 1 2 8 11
264.0 3 1 2 9 10
265.0 3 1 2 9 11
266.0 3 1 2 10 11
267.0 3 1 3 4 5
268.0 3 1 3 4 6
269.0 3 1 3 4 7
270.0 3 1 3 4 8
271.0 3 1 3 4 9
272.0 3 1 3 4 10
273.0 3 1 3 4 11
274.0 3 1 3 5 6
275.0 3 1 3 5 7
276.0 3 1 3 5 8
277.0 3 1 3 5 9
278.0 3 1 3 5 10
279.0 3 1 3 5 11
280.0 3 1 3 6 7
281.0 3 1 3 6 8
282.0 3 1 3 6 9
283.0 3 1 3 6 10
284.0 3 1 3 6 11
285.0 3 1 3 7 8
286.0 3 1 3 7 9
287.0 3 1 3 7 10
288.0 3 1 3 7 11
289.0 3 1 3 8 9
290.0 3 1 3 8 10
291.0 3 1 3 8 11
292.0 3 1 3 9 10
293.0 3 1 3 9 11
294.0 3 1 3 10 11
295.0 3 1 4 5 6
296.0 3 1 4 5 7
297.0 3 1 4 5 8
298.0 3 1 4 5 9
299.0 3 1 4 5 10
300.0 3 1 4 5 11
301.0 3 1 4 6 7
302.0 3 1 4 6 8
303.0 3 1 4 6 9
304.0 3 1 4 6 10
305.0 3 1 4 6 11
306.0 3 1 4 7 8
307.0 3 1 4 7 9
308.0 3 1 4 7 10
309.0 3 1 4 7 11
310.0 3 1 4 8 9
311.0 3 1 4 8 10
312.0 3 1 4 8 11
313.0 3 1 4 9 10
314.0 3 1 4 9 11
315.0 3 1 4 10 11
316.0 3 1 5 6 7
317.0 3 1 5 6 8
318.0 3 1 5 6 9
319.0 3 1 5 6 10
320.0 3 1 5 6 11
321.0 3 1 5 7 8
322.0 3 1 5 7 9
323.0 3 1 5 7 10
324.0 3 1 5 7 11
325.0 3 1 5 8 9
326.0 3 1 5 8 10
327.0 3 1 5 8 11
328.0 3 1 5 9 10
329.0 3 1 5 9 11
330.0 3 1 5 10 11
331.0 3 1 6 7 8
332.0 3 1 6 7 9
333.0 3 1 6 7 10
334.0 3 1 6 7 11
335.0 3 1 6 8 9
336.0 3 1 6 8 10
337.0 3 1 6 8 11
338.0 3 1 6 9 10
339.0 3 1 6 9 11
340.0 3 1 6 10 11
341.0 3 1 7 8 9
342.0 3 1 7 8 10
343.0 3 1 7 8 11
344.0 3 1 7 9 10
345.0 3 1 7 9 11
346.0 3 1 7 10 11
347.0 3 1 8 9 10
348.0 3 1 8 9 11
349.0 3 1 8 10 11
350.0 3 1 9 10 11
351.0 3 2 3 4 5
352.0 3 2 3 4 6
353.0 3 2 3 4 7
354.0 3 2 3 4 8
355.0 3 2 3 4 9
356.0 3 2 3 4 10
357.0 3 2 3 4 11
358.0 3 2 3 5 6
359.0 3 2 3 5 7
360.0 3 2 3 5 8
361.0 3 2 3 5 9
362.0 3 2 3 5 10
363.0 3 2 3 5 11
364.0 3 2 3 6 7
365.0 3 2 3 6 8
366.0 3 2 3 6 9
367.0 3 2 3 6 10
368.0 3 2 3 6 11
369.0 3 2 3 7 8
370.0 3 2 3 7 9
371.0 3 2 3 7 10
372.0 3 2 3 7 11
373.0 3 2 3 8 9
374.0 3 2 3 8 10
375.0 3 2 3 8 11
376.0 3 2 3 9 10
377.0 3 2 3 9 11
378.0 3 2 3 10 11
379.0 3 2 4 5 6
380.0 3 2 4 5 7
381.0 3 2 4 5 8
382.0 3 2 4 5 9
383.0 3 2 4 5 10
384.0 3 2 4 5 11
385.0 3 2 4 6 7
386.0 3 2 4 6 8
387.0 3 2 4 6 9
388.0 3 2 4 6 10
389.0 3 2 4 6 11
390.0 3 2 4 7 8
391.0 3 2 4 7 9
392.0 3 2 4 7 10
393.0 3 2 4 7 11
394.0 3 2 4 8 9
395.0 3 2 4 8 10
396.0 3 2 4 8 11
397.0 3 2 4 9 10
398.0 3 2 4 9 11
399.0 3 2 4 10 11
400.0 3 2 5 6 7
401.0 3 2 5 6 8
402.0 3 2 5 6 9
403.0 3 2 5 6 10
404.0 3 2 5 6 11
405.0 3 2 5 7 8
406.0 3 2 5 7 9
407.0 3 2 5 7 10
408.0 3 2 5 7 11
409.0 3 2 5 8 9
410.0 3 2 5 8 10
411.0 3 2 5 8 11
412.0 3 2 5 9 10
413.0 3 2 5 9 11
414.0 3 2 5 10 11
415.0 3 2 6 7 8
416.0 3 2 6 7 9
417.0 3 2 6 7 10
418.0 3 2 6 7 11
419.0 3 2 6 8 9
420.0 3 2 6 8 10
421.0 3 2 6 8 11
422.0 3 2 6 9 10
423.0 3 2 6 9 11
424.0 3 2 6 10 11
425.0 3 2 7 8 9
426.0 3 2 7 8 10
427.0 3 2 7 8 11
428.0 3 2 7 9 10
429.0 3 2 7 9 11
430.0 3 2 7 10 11
431.0 3 2 8 9 10
432.0 3 2 8 9 11
433.0 3 2 8 10 11
434.0 3 2 9 10 11
435.0 3 3 4 5 6
436.0 3 3 4 5 7
437.0 3 3 4 5 8
438.0 3 3 4 5 9
439.0 3 3 4 5 10
440.0 3 3 4 5 11
441.0 3 3 4 6 7
442.0 3 3 4 6 8
443.0 3 3 4 6 9
444.0 3 3 4 6 10
445.0 3 3 4 6 11
446.0 3 3 4 7 8
447.0 3 3 4 7 9
448.0 3 3 4 7 10
449.0 3 3 4 7 11
450.0 3 3 4 8 9
451.0 3 3 4 8 10
452.0 3 3 4 8 11
453.0 3 3 4 9 10
454.0 3 3 4 9 11
455.0 3 3 4 10 11
456.0 3 3 5 6 7
457.0 3 3 5 6 8
458.0 3 3 5 6 9
459.0 3 3 5 6 10
460.0 3 3 5 6 11
461.0 3 3 5 7 8
462.0 3 3 5 7 9
463.0 3 3 5 7 10
464.0 3 3 5 7 11
465.0 3 3 5 8 9
466.0 3 3 5 8 10
467.0 3 3 5 8 11
468.0 3 3 5 9 10
469.0 3 3 5 9 11
470.0 3 3 5 10 11
471.0 3 3 6 7 8
472.0 3 3 6 7 9
473.0 3 3 6 7 10
474.0 3 3 6 7 11
475.0 3 3 6 8 9
476.0 3 3 6 8 10
477.0 3 3 6 8 11
478.0 3 3 6 9 10
479.0 3 3 6 9 11
480.0 3 3 6 10 11
481.0 3 3 7 8 9
482.0 3 3 7 8 10
483.0 3 3 7 8 11
484.0 3 3 7 9 10
485.0 3 3 7 9 11
486.0 3 3 7 10 11
487.0 3 3 8 9 10
488.0 3 3 8 9 11
489.0 3 3 8 10 11
490.0 3 3 9 10 11
491.0 3 4 5 6 7
492.0 3 4 5 6 8
493.0 3 4 5 6 9
494.0 3 4 5 6 10
495.0 3 4 5 6 11
496.0 3 4 5 7 8
497.0 3 4 5 7 9
498.0 3 4 5 7 10
499.0 3 4 5 7 11
500.0 3 4 5 8 9
501.0 3 4 5 8 10
502.0 3 4 5 8 11
503.0 3 4 5 9 10
504.0 3 4 5 9 11
505.0 3 4 5 10 11
506.0 3 4 6 7 8
507.0 3 4 6 7 9
508.0 3 4 6 7 10
509.0 3 4 6 7 11
510.0 3 4 6 8 9
511.0 3 4 6 8 10
512.0 3 4 6 8 11
513.0 3 4 6 9 10
514.0 3 4 6 9 11
515.0 3 4 6 10 11
516.0 3 4 7 8 9
517.0 3 4 7 8 10
518.0 3 4 7 8 11
519.0 3 4 7 9 10
520.0 3 4 7 9 11
521.0 3 4 7 10 11
522.0 3 4 8 9 10
523.0 3 4 8 9 11
524.0 3 4 8 10 11
525.0 3 4 9 10 11
526.0 3 5 6 7 8
527.0 3 5 6 7 9
528.0 3 5 6 7 10
529.0 3 5 6 7 11
530.0 3 5 6 8 9
531.0 3 5 6 8 10
532.0 3 5 6 8 11
533.0 3 5 6 9 10
534.0 3 5 6 9 11
535.0 3 5 6 10 11
536.0 3 5 7 8 9
537.0 3 5 7 8 10
538.0 3 5 7 8 11
539.0 3 5 7 9 10
540.0 3 5 7 9 11
541.0 3 5 7 10 11
542.0 3 5 8 9 10
543.0 3 5 8 9 11
544.0 3 5 8 10 11
545.0 3 5 9 10 11
546.0 3 6 7 8 9
547.0 3 6 7 8 10
548.0 3 6 7 8 11
549.0 3 6 7 9 10
550.0 3 6 7 9 11
551.0 3 6 7 10 11
552.0 3 6 8 9 10
553.0 3 6 8 9 11
554.0 3 6 8 10 11
555.0 3 6 9 10 11
556.0 3 7 8 9 10
557.0 3 7 8 9 11
558.0 3 7 8 10 11
559.0 3 7 9 10 11
560.0 3 8 9 10 11
561.0 4 1 2 3 4 5
562.0 4 1 2 3 4 6
563.0 4 1 2 3 4 7
564.0 4 1 2 3 4 8
565.0 4 1 2 3 4 9
566.0 4 1 2 3 4 10
567.0 4 1 2 3 4 11
568.0 4 1 2 3 5 6
569.0 4 1 2 3 5 7
570.0 4 1 2 3 5 8
571.0 4 1 2 3 5 9
572.0 4 1 2 3 5 10
573.0 4 1 2 3 5 11
574.0 4 1 2 3 6 7
575.0 4 1 2 3 6 8
576.0 4 1 2 3 6 9
577.0 4 1 2 3 6 10
578.0 4 1 2 3 6 11
579.0 4 1 2 3 7 8
580.0 4 1 2 3 7 9
581.0 4 1 2 3 7 10
582.0 4 1 2 3 7 11
583.0 4 1 2 3 8 9
584.0 4 1 2 3 8 10
585.0 4 1 2 3 8 11
586.0 4 1 2 3 9 10
587.0 4 1 2 3 9 11
588.0 4 1 2 3 10 11
589.0 4 1 2 4 5 6
590.0 4 1 2 4 5 7
591.0 4 1 2 4 5 8
592.0 4 1 2 4 5 9
593.0 4 1 2 4 5 10
594.0 4 1 2 4 5 11
595.0 4 1 2 4 6 7
596.0 4 1 2 4 6 8
597.0 4 1 2 4 6 9
598.0 4 1 2 4 6 10
599.0 4 1 2 4 6 11
600.0 4 1 2 4 7 8
601.0 4 1 2 4 7 9
602.0 4 1 2 4 7 10
603.0 4 1 2 4 7 11
604.0 4 1 2 4 8 9
605.0 4 1 2 4 8 10
606.0 4 1 2 4 8 11
607.0 4 1 2 4 9 10
608.0 4 1 2 4 9 11
609.0 4 1 2 4 10 11
610.0 4 1 2 5 6 7
611.0 4 1 2 5 6 8
612.0 4 1 2 5 6 9
613.0 4 1 2 5 6 10
614.0 4 1 2 5 6 11
615.0 4 1 2 5 7 8
616.0 4 1 2 5 7 9
617.0 4 1 2 5 7 10
618.0 4 1 2 5 7 11
619.0 4 1 2 5 8 9
620.0 4 1 2 5 8 10
621.0 4 1 2 5 8 11
622.0 4 1 2 5 9 10
623.0 4 1 2 5 9 11
624.0 4 1 2 5 10 11
625.0 4 1 2 6 7 8
626.0 4 1 2 6 7 9
627.0 4 1 2 6 7 10
628.0 4 1 2 6 7 11
629.0 4 1 2 6 8 9
630.0 4 1 2 6 8 10
631.0 4 1 2 6 8 11
632.0 4 1 2 6 9 10
633.0 4 1 2 6 9 11
634.0 4 1 2 6 10 11
635.0 4 1 2 7 8 9
636.0 4 1 2 7 8 10
637.0 4 1 2 7 8 11
638.0 4 1 2 7 9 10
639.0 4 1 2 7 9 11
640.0 4 1 2 7 10 11
641.0 4 1 2 8 9 10
642.0 4 1 2 8 9 11
643.0 4 1 2 8 10 11
644.0 4 1 2 9 10 11
645.0 4 1 3 4 5 6
646.0 4 1 3 4 5 7
647.0 4 1 3 4 5 8
648.0 4 1 3 4 5 9
649.0 4 1 3 4 5 10
650.0 4 1 3 4 5 11
651.0 4 1 3 4 6 7
652.0 4 1 3 4 6 8
653.0 4 1 3 4 6 9
654.0 4 1 3 4 6 10
655.0 4 1 3 4 6 11
656.0 4 1 3 4 7 8
657.0 4 1 3 4 7 9
658.0 4 1 3 4 7 10
659.0 4 1 3 4 7 11
660.0 4 1 3 4 8 9
661.0 4 1 3 4 8 10
662.0 4 1 3 4 8 11
663.0 4 1 3 4 9 10
664.0 4 1 3 4 9 11
665.0 4 1 3 4 10 11
666.0 4 1 3 5 6 7
667.0 4 1 3 5 6 8
668.0 4 1 3 5 6 9
669.0 4 1 3 5 6 10
670.0 4 1 3 5 6 11
671.0 4 1 3 5 7 8
672.0 4 1 3 5 7 9
673.0 4 1 3 5 7 10
674.0 4 1 3 5 7 11
675.0 4 1 3 5 8 9
676.0 4 1 3 5 8 10
677.0 4 1 3 5 8 11
678.0 4 1 3 5 9 10
679.0 4 1 3 5 9 11
680.0 4 1 3 5 10 11
681.0 4 1 3 6 7 8
682.0 4 1 3 6 7 9
683.0 4 1 3 6 7 10
684.0 4 1 3 6 7 11
685.0 4 1 3 6 8 9
686.0 4 1 3 6 8 10
687.0 4 1 3 6 8 11
688.0 4 1 3 6 9 10
689.0 4 1 3 6 9 11
690.0 4 1 3 6 10 11
691.0 4 1 3 7 8 9
692.0 4 1 3 7 8 10
693.0 4 1 3 7 8 11
694.0 4 1 3 7 9 10
695.0 4 1 3 7 9 11
696.0 4 1 3 7 10 11
697.0 4 1 3 8 9 10
698.0 4 1 3 8 9 11
699.0 4 1 3 8 10 11
700.0 4 1 3 9 10 11
701.0 4 1 4 5 6 7
702.0 4 1 4 5 6 8
703.0 4 1 4 5 6 9
704.0 4 1 4 5 6 10
705.0 4 1 4 5 6 11
706.0 4 1 4 5 7 8
707.0 4 1 4 5 7 9
708.0 4 1 4 5 7 10
709.0 4 1 4 5 7 11
710.0 4 1 4 5 8 9
711.0 4 1 4 5 8 10
712.0 4 1 4 5 8 11
713.0 4 1 4 5 9 10
714.0 4 1 4 5 9 11
715.0 4 1 4 5 10 11
716.0 4 1 4 6 7 8
717.0 4 1 4 6 7 9
718.0 4 1 4 6 7 10
719.0 4 1 4 6 7 11
720.0 4 1 4 6 8 9
721.0 4 1 4 6 8 10
722.0 4 1 4 6 8 11
723.0 4 1 4 6 9 10
724.0 4 1 4 6 9 11
725.0 4 1 4 6 10 11
726.0 4 1 4 7 8 9
727.0 4 1 4 7 8 10
728.0 4 1 4 7 8 11
729.0 4 1 4 7 9 10
730.0 4 1 4 7 9 11
731.0 4 1 4 7 10 11
732.0 4 1 4 8 9 10
733.0 4 1 4 8 9 11
734.0 4 1 4 8 10 11
735.0 4 1 4 9 10 11
736.0 4 1 5 6 7 8
737.0 4 1 5 6 7 9
738.0 4 1 5 6 7 10
739.0 4 1 5 6 7 11
740.0 4 1 5 6 8 9
741.0 4 1 5 6 8 10
742.0 4 1 5 6 8 11
743.0 4 1 5 6 9 10
744.0 4 1 5 6 9 11
745.0 4 1 5 6 10 11
746.0 4 1 5 7 8 9
747.0 4 1 5 7 8 10
748.0 4 1 5 7 8 11
749.0 4 1 5 7 9 10
750.0 4 1 5 7 9 11
751.0 4 1 5 7 10 11
752.0 4 1 5 8 9 10
753.0 4 1 5 8 9 11
754.0 4 1 5 8 10 11
755.0 4 1 5 9 10 11
756.0 4 1 6 7 8 9
757.0 4 1 6 7 8 10
758.0 4 1 6 7 8 11
759.0 4 1 6 7 9 10
760.0 4 1 6 7 9 11
761.0 4 1 6 7 10 11
762.0 4 1 6 8 9 10
763.0 4 1 6 8 9 11
764.0 4 1 6 8 10 11
765.0 4 1 6 9 10 11
766.0 4 1 7 8 9 10
767.0 4 1 7 8 9 11
768.0 4 1 7 8 10 11
769.0 4 1 7 9 10 11
770.0 4 1 8 9 10 11
771.0 4 2 3 4 5 6
772.0 4 2 3 4 5 7
773.0 4 2 3 4 5 8
774.0 4 2 3 4 5 9
775.0 4 2 3 4 5 10
776.0 4 2 3 4 5 11
777.0 4 2 3 4 6 7
778.0 4 2 3 4 6 8
779.0 4 2 3 4 6 9
780.0 4 2 3 4 6 10
781.0 4 2 3 4 6 11
782.0 4 2 3 4 7 8
783.0 4 2 3 4 7 9
784.0 4 2 3 4 7 10
785.0 4 2 3 4 7 11
786.0 4 2 3 4 8 9
787.0 4 2 3 4 8 10
788.0 4 2 3 4 8 11
789.0 4 2 3 4 9 10
790.0 4 2 3 4 9 11
791.0 4 2 3 4 10 11
792.0 4 2 3 5 6 7
793.0 4 2 3 5 6 8
794.0 4 2 3 5 6 9
795.0 4 2 3 5 6 10
796.0 4 2 3 5 6 11
797.0 4 2 3 5 7 8
798.0 4 2 3 5 7 9
799.0 4 2 3 5 7 10
800.0 4 2 3 5 7 11
801.0 4 2 3 5 8 9
802.0 4 2 3 5 8 10
803.0 4 2 3 5 8 11
804.0 4 2 3 5 9 10
805.0 4 2 3 5 9 11
806.0 4 2 3 5 10 11
807.0 4 2 3 6 7 8
808.0 4 2 3 6 7 9
809.0 4 2 3 6 7 10
810.0 4 2 3 6 7 11
811.0 4 2 3 6 8 9
812.0 4 2 3 6 8 10
813.0 4 2 3 6 8 11
814.0 4 2 3 6 9 10
815.0 4 2 3 6 9 11
816.0 4 2 3 6 10 11
817.0 4 2 3 7 8 9
818.0 4 2 3 7 8 10
819.0 4 2 3 7 8 11
820.0 4 2 3 7 9 10
821.0 4 2 3 7 9 11
822.0 4 2 3 7 10 11
823.0 4 2 3 8 9 10
824.0 4 2 3 8 9 11
825.0 4 2 3 8 10 11
826.0 4 2 3 9 10 11
827.0 4 2 4 5 6 7
828.0 4 2 4 5 6 8
829.0 4 2 4 5 6 9
830.0 4 2 4 5 6 10
831.0 4 2 4 5 6 11
832.0 4 2 4 5 7 8
833.0 4 2 4 5 7 9
834.0 4 2 4 5 7 10
835.0 4 2 4 5 7 11
836.0 4 2 4 5 8 9
837.0 4 2 4 5 8 10
838.0 4 2 4 5 8 11
839.0 4 2 4 5 9 10
840.0 4 2 4 5 9 11
841.0 4 2 4 5 10 11
842.0 4 2 4 6 7 8
843.0 4 2 4 6 7 9
844.0 4 2 4 6 7 10
845.0 4 2 4 6 7 11
846.0 4 2 4 6 8 9
847.0 4 2 4 6 8 10
848.0 4 2 4 6 8 11
849.0 4 2 4 6 9 10
850.0 4 2 4 6 9 11
851.0 4 2 4 6 10 11
852.0 4 2 4 7 8 9
853.0 4 2 4 7 8 10
854.0 4 2 4 7 8 11
855.0 4 2 4 7 9 10
856.0 4 2 4 7 9 11
857.0 4 2 4 7 10 11
858.0 4 2 4 8 9 10
859.0 4 2 4 8 9 11
860.0 4 2 4 8 10 11
861.0 4 2 4 9 10 11
862.0 4 2 5 6 7 8
863.0 4 2 5 6 7 9
864.0 4 2 5 6 7 10
865.0 4 2 5 6 7 11
866.0 4 2 5 6 8 9
867.0 4 2 5 6 8 10
868.0 4 2 5 6 8 11
869.0 4 2 5 6 9 10
870.0 4 2 5 6 9 11
871.0 4 2 5 6 10 11
872.0 4 2 5 7 8 9
873.0 4 2 5 7 8 10
874.0 4 2 5 7 8 11
875.0 4 2 5 7 9 10
876.0 4 2 5 7 9 11
877.0 4 2 5 7 10 11
878.0 4 2 5 8 9 10
879.0 4 2 5 8 9 11
880.0 4 2 5 8 10 11
881.0 4 2 5 9 10 11
882.0 4 2 6 7 8 9
883.0 4 2 6 7 8 10
884.0 4 2 6 7 8 11
885.0 4 2 6 7 9 10
886.0 4 2 6 7 9 11
887.0 4 2 6 7 10 11
888.0 4 2 6 8 9 10
889.0 4 2 6 8 9 11
890.0 4 2 6 8 10 11
891.0 4 2 6 9 10 11
892.0 4 2 7 8 9 10
893.0 4 2 7 8 9 11
894.0 4 2 7 8 10 11
895.0 4 2 7 9 10 11
896.0 4 2 8 9 10 11
897.0 4 3 4 5 6 7
898.0 4 3 4 5 6 8
899.0 4 3 4 5 6 9
900.0 4 3 4 5 6 10
901.0 4 3 4 5 6 11
902.0 4 3 4 5 7 8
903.0 4 3 4 5 7 9
904.0 4 3 4 5 7 10
905.0 4 3 4 5 7 11
906.0 4 3 4 5 8 9
907.0 4 3 4 5 8 10
908.0 4 3 4 5 8 11
909.0 4 3 4 5 9 10
910.0 4 3 4 5 9 11
911.0 4 3 4 5 10 11
912.0 4 3 4 6 7 8
913.0 4 3 4 6 7 9
914.0 4 3 4 6 7 10
915.0 4 3 4 6 7 11
916.0 4 3 4 6 8 9
917.0 4 3 4 6 8 10
918.0 4 3 4 6 8 11
919.0 4 3 4 6 9 10
920.0 4 3 4 6 9 11
921.0 4 3 4 6 10 11
922.0 4 3 4 7 8 9
923.0 4 3 4 7 8 10
924.0 4 3 4 7 8 11
925.0 4 3 4 7 9 10
926.0 4 3 4 7 9 11
927.0 4 3 4 7 10 11
928.0 4 3 4 8 9 10
929.0 4 3 4 8 9 11
930.0 4 3 4 8 10 11
931.0 4 3 4 9 10 11
932.0 4 3 5 6 7 8
933.0 4 3 5 6 7 9
934.0 4 3 5 6 7 10
935.0 4 3 5 6 7 11
936.0 4 3 5 6 8 9
937.0 4 3 5 6 8 10
938.0 4 3 5 6 8 11
939.0 4 3 5 6 9 10
940.0 4 3 5 6 9 11
941.0 4 3 5 6 10 11
942.0 4 3 5 7 8 9
943.0 4 3 5 7 8 10
944.0 4 3 5 7 8 11
945.0 4 3 5 7 9 10
946.0 4 3 5 7 9 11
947.0 4 3 5 7 10 11
948.0 4 3 5 8 9 10
949.0 4 3 5 8 9 11
950.0 4 3 5 8 10 11
951.0 4 3 5 9 10 11
952.0 4 3 6 7 8 9
953.0 4 3 6 7 8 10
954.0 4 3 6 7 8 11
955.0 4 3 6 7 9 10
956.0 4 3 6 7 9 11
957.0 4 3 6 7 10 11
958.0 4 3 6 8 9 10
959.0 4 3 6 8 9 11
960.0 4 3 6 8 10 11
961.0 4 3 6 9 10 11
962.0 4 3 7 8 9 10
963.0 4 3 7 8 9 11
964.0 4 3 7 8 10 11
965.0 4 3 7 9 10 11
966.0 4 3 8 9 10 11
967.0 4 4 5 6 7 8
968.0 4 4 5 6 7 9
969.0 4 4 5 6 7 10
970.0 4 4 5 6 7 11
971.0 4 4 5 6 8 9
972.0 4 4 5 6 8 10
973.0 4 4 5 6 8 11
974.0 4 4 5 6 9 10
975.0 4 4 5 6 9 11
976.0 4 4 5 6 10 11
977.0 4 4 5 7 8 9
978.0 4 4 5 7 8 10
979.0 4 4 5 7 8 11
980.0 4 4 5 7 9 10
981.0 4 4 5 7 9 11
982.0 4 4 5 7 10 11
983.0 4 4 5 8 9 10
984.0 4 4 5 8 9 11
985.0 4 4 5 8 10 11
986.0 4 4 5 9 10 11
987.0 4 4 6 7 8 9
988.0 4 4 6 7 8 10
989.0 4 4 6 7 8 11
990.0 4 4 6 7 9 10
991.0 4 4 6 7 9 11
992.0 4 4 6 7 10 11
993.0 4 4 6 8 9 10
994.0 4 4 6 8 9 11
995.0 4 4 6 8 10 11
996.0 4 4 6 9 10 11
997.0 4 4 7 8 9 10
998.0 4 4 7 8 9 11
999.0 4 4 7 8 10 11
1000.0 4 4 7 9 10 11
1001.0 4 4 8 9 10 11
1002.0 4 5 6 7 8 9
1003.0 4 5 6 7 8 10
1004.0 4 5 6 7 8 11
1005.0 4 5 6 7 9 10
1006.0 4 5 6 7 9 11
1007.0 4 5 6 7 10 11
1008.0 4 5 6 8 9 10
1009.0 4 5 6 8 9 11
1010.0 4 5 6 8 10 11
1011.0 4 5 6 9 10 11
1012.0 4 5 7 8 9 10
1013.0 4 5 7 8 9 11
1014.0 4 5 7 8 10 11
1015.0 4 5 7 9 10 11
1016.0 4 5 8 9 10 11
1017.0 4 6 7 8 9 10
1018.0 4 6 7 8 9 11
1019.0 4 6 7 8 10 11
1020.0 4 6 7 9 10 11
1021.0 4 6 8 9 10 11
1022.0 4 7 8 9 10 11
1023.0 5 1 2 3 4 5 6
1024.0 5 1 2 3 4 5 7
1025.0 5 1 2 3 4 5 8
1026.0 5 1 2 3 4 5 9
1027.0 5 1 2 3 4 5 10
1028.0 5 1 2 3 4 5 11
1029.0 5 1 2 3 4 6 7
1030.0 5 1 2 3 4 6 8
1031.0 5 1 2 3 4 6 9
1032.0 5 1 2 3 4 6 10
1033.0 5 1 2 3 4 6 11
1034.0 5 1 2 3 4 7 8
1035.0 5 1 2 3 4 7 9
1036.0 5 1 2 3 4 7 10
1037.0 5 1 2 3 4 7 11
1038.0 5 1 2 3 4 8 9
1039.0 5 1 2 3 4 8 10
1040.0 5 1 2 3 4 8 11
1041.0 5 1 2 3 4 9 10
1042.0 5 1 2 3 4 9 11
1043.0 5 1 2 3 4 10 11
1044.0 5 1 2 3 5 6 7
1045.0 5 1 2 3 5 6 8
1046.0 5 1 2 3 5 6 9
1047.0 5 1 2 3 5 6 10
1048.0 5 1 2 3 5 6 11
1049.0 5 1 2 3 5 7 8
1050.0 5 1 2 3 5 7 9
1051.0 5 1 2 3 5 7 10
1052.0 5 1 2 3 5 7 11
1053.0 5 1 2 3 5 8 9
1054.0 5 1 2 3 5 8 10
1055.0 5 1 2 3 5 8 11
1056.0 5 1 2 3 5 9 10
1057.0 5 1 2 3 5 9 11
1058.0 5 1 2 3 5 10 11
1059.0 5 1 2 3 6 7 8
1060.0 5 1 2 3 6 7 9
1061.0 5 1 2 3 6 7 10
1062.0 5 1 2 3 6 7 11
1063.0 5 1 2 3 6 8 9
1064.0 5 1 2 3 6 8 10
1065.0 5 1 2 3 6 8 11
1066.0 5 1 2 3 6 9 10
1067.0 5 1 2 3 6 9 11
1068.0 5 1 2 3 6 10 11
1069.0 5 1 2 3 7 8 9
1070.0 5 1 2 3 7 8 10
1071.0 5 1 2 3 7 8 11
1072.0 5 1 2 3 7 9 10
1073.0 5 1 2 3 7 9 11
1074.0 5 1 2 3 7 10 11
1075.0 5 1 2 3 8 9 10
1076.0 5 1 2 3 8 9 11
1077.0 5 1 2 3 8 10 11
1078.0 5 1 2 3 9 10 11
1079.0 5 1 2 4 5 6 7
1080.0 5 1 2 4 5 6 8
1081.0 5 1 2 4 5 6 9
1082.0 5 1 2 4 5 6 10
1083.0 5 1 2 4 5 6 11
1084.0 5 1 2 4 5 7 8
1085.0 5 1 2 4 5 7 9
1086.0 5 1 2 4 5 7 10
1087.0 5 1 2 4 5 7 11
1088.0 5 1 2 4 5 8 9
1089.0 5 1 2 4 5 8 10
1090.0 5 1 2 4 5 8 11
1091.0 5 1 2 4 5 9 10
1092.0 5 1 2 4 5 9 11
1093.0 5 1 2 4 5 10 11
1094.0 5 1 2 4 6 7 8
1095.0 5 1 2 4 6 7 9
1096.0 5 1 2 4 6 7 10
1097.0 5 1 2 4 6 7 11
1098.0 5 1 2 4 6 8 9
1099.0 5 1 2 4 6 8 10
1100.0 5 1 2 4 6 8 11
1101.0 5 1 2 4 6 9 10
1102.0 5 1 2 4 6 9 11
1103.0 5 1 2 4 6 10 11
1104.0 5 1 2 4 7 8 9
1105.0 5 1 2 4 7 8 10
1106.0 5 1 2 4 7 8 11
1107.0 5 1 2 4 7 9 10
1108.0 5 1 2 4 7 9 11
1109.0 5 1 2 4 7 10 11
1110.0 5 1 2 4 8 9 10
1111.0 5 1 2 4 8 9 11
1112.0 5 1 2 4 8 10 11
1113.0 5 1 2 4 9 10 11
1114.0 5 1 2 5 6 7 8
1115.0 5 1 2 5 6 7 9
1116.0 5 1 2 5 6 7 10
1117.0 5 1 2 5 6 7 11
1118.0 5 1 2 5 6 8 9
1119.0 5 1 2 5 6 8 10
1120.0 5 1 2 5 6 8 11
1121.0 5 1 2 5 6 9 10
1122.0 5 1 2 5 6 9 11
1123.0 5 1 2 5 6 10 11
1124.0 5 1 2 5 7 8 9
1125.0 5 1 2 5 7 8 10
1126.0 5 1 2 5 7 8 11
1127.0 5 1 2 5 7 9 10
1128.0 5 1 2 5 7 9 11
1129.0 5 1 2 5 7 10 11
1130.0 5 1 2 5 8 9 10
1131.0 5 1 2 5 8 9 11
1132.0 5 1 2 5 8 10 11
1133.0 5 1 2 5 9 10 11
1134.0 5 1 2 6 7 8 9
1135.0 5 1 2 6 7 8 10
1136.0 5 1 2 6 7 8 11
1137.0 5 1 2 6 7 9 10
1138.0 5 1 2 6 7 9 11
1139.0 5 1 2 6 7 10 11
1140.0 5 1 2 6 8 9 10
1141.0 5 1 2 6 8 9 11
1142.0 5 1 2 6 8 10 11
1143.0 5 1 2 6 9 10 11
1144.0 5 1 2 7 8 9 10
1145.0 5 1 2 7 8 9 11
1146.0 5 1 2 7 8 10 11
1147.0 5 1 2 7 9 10 11
1148.0 5 1 2 8 9 10 11
1149.0 5 1 3 4 5 6 7
1150.0 5 1 3 4 5 6 8
1151.0 5 1 3 4 5 6 9
1152.0 5 1 3 4 5 6 10
1153.0 5 1 3 4 5 6 11
1154.0 5 1 3 4 5 7 8
1155.0 5 1 3 4 5 7 9
1156.0 5 1 3 4 5 7 10
1157.0 5 1 3 4 5 7 11
1158.0 5 1 3 4 5 8 9
1159.0 5 1 3 4 5 8 10
1160.0 5 1 3 4 5 8 11
1161.0 5 1 3 4 5 9 10
1162.0 5 1 3 4 5 9 11
1163.0 5 1 3 4 5 10 11
1164.0 5 1 3 4 6 7 8
1165.0 5 1 3 4 6 7 9
1166.0 5 1 3 4 6 7 10
1167.0 5 1 3 4 6 7 11
1168.0 5 1 3 4 6 8 9
1169.0 5 1 3 4 6 8 10
1170.0 5 1 3 4 6 8 11
1171.0 5 1 3 4 6 9 10
1172.0 5 1 3 4 6 9 11
1173.0 5 1 3 4 6 10 11
1174.0 5 1 3 4 7 8 9
1175.0 5 1 3 4 7 8 10
1176.0 5 1 3 4 7 8 11
1177.0 5 1 3 4 7 9 10
1178.0 5 1 3 4 7 9 11
1179.0 5 1 3 4 7 10 11
1180.0 5 1 3 4 8 9 10
1181.0 5 1 3 4 8 9 11
1182.0 5 1 3 4 8 10 11
1183.0 5 1 3 4 9 10 11
1184.0 5 1 3 5 6 7 8
1185.0 5 1 3 5 6 7 9
1186.0 5 1 3 5 6 7 10
1187.0 5 1 3 5 6 7 11
1188.0 5 1 3 5 6 8 9
1189.0 5 1 3 5 6 8 10
1190.0 5 1 3 5 6 8 11
1191.0 5 1 3 5 6 9 10
1192.0 5 1 3 5 6 9 11
1193.0 5 1 3 5 6 10 11
1194.0 5 1 3 5 7 8 9
1195.0 5 1 3 5 7 8 10
1196.0 5 1 3 5 7 8 11
1197.0 5 1 3 5 7 9 10
1198.0 5 1 3 5 7 9 11
1199.0 5 1 3 5 7 10 11
1200.0 5 1 3 5 8 9 10
1201.0 5 1 3 5 8 9 11
1202.0 5 1 3 5 8 10 11
1203.0 5 1 3 5 9 10 11
1204.0 5 1 3 6 7 8 9
1205.0 5 1 3 6 7 8 10
1206.0 5 1 3 6 7 8 11
1207.0 5 1 3 6 7 9 10
1208.0 5 1 3 6 7 9 11
1209.0 5 1 3 6 7 10 11
1210.0 5 1 3 6 8 9 10
1211.0 5 1 3 6 8 9 11
1212.0 5 1 3 6 8 10 11
1213.0 5 1 3 6 9 10 11
1214.0 5 1 3 7 8 9 10
1215.0 5 1 3 7 8 9 11
1216.0 5 1 3 7 8 10 11
1217.0 5 1 3 7 9 10 11
1218.0 5 1 3 8 9 10 11
1219.0 5 1 4 5 6 7 8
1220.0 5 1 4 5 6 7 9
1221.0 5 1 4 5 6 7 10
1222.0 5 1 4 5 6 7 11
1223.0 5 1 4 5 6 8 9
1224.0 5 1 4 5 6 8 10
1225.0 5 1 4 5 6 8 11
1226.0 5 1 4 5 6 9 10
1227.0 5 1 4 5 6 9 11
1228.0 5 1 4 5 6 10 11
1229.0 5 1 4 5 7 8 9
1230.0 5 1 4 5 7 8 10
1231.0 5 1 4 5 7 8 11
1232.0 5 1 4 5 7 9 10
1233.0 5 1 4 5 7 9 11
1234.0 5 1 4 5 7 10 11
1235.0 5 1 4 5 8 9 10
1236.0 5 1 4 5 8 9 11
1237.0 5 1 4 5 8 10 11
1238.0 5 1 4 5 9 10 11
1239.0 5 1 4 6 7 8 9
1240.0 5 1 4 6 7 8 10
1241.0 5 1 4 6 7 8 11
1242.0 5 1 4 6 7 9 10
1243.0 5 1 4 6 7 9 11
1244.0 5 1 4 6 7 10 11
1245.0 5 1 4 6 8 9 10
1246.0 5 1 4 6 8 9 11
1247.0 5 1 4 6 8 10 11
1248.0 5 1 4 6 9 10 11
1249.0 5 1 4 7 8 9 10
1250.0 5 1 4 7 8 9 11
1251.0 5 1 4 7 8 10 11
1252.0 5 1 4 7 9 10 11
1253.0 5 1 4 8 9 10 11
1254.0 5 1 5 6 7 8 9
1255.0 5 1 5 6 7 8 10
1256.0 5 1 5 6 7 8 11
1257.0 5 1 5 6 7 9 10
1258.0 5 1 5 6 7 9 11
1259.0 5 1 5 6 7 10 11
1260.0 5 1 5 6 8 9 10
1261.0 5 1 5 6 8 9 11
1262.0 5 1 5 6 8 10 11
1263.0 5 1 5 6 9 10 11
1264.0 5 1 5 7 8 9 10
1265.0 5 1 5 7 8 9 11
1266.0 5 1 5 7 8 10 11
1267.0 5 1 5 7 9 10 11
1268.0 5 1 5 8 9 10 11
1269.0 5 1 6 7 8 9 10
1270.0 5 1 6 7 8 9 11
1271.0 5 1 6 7 8 10 11
1272.0 5 1 6 7 9 10 11
1273.0 5 1 6 8 9 10 11
1274.0 5 1 7 8 9 10 11
1275.0 5 2 3 4 5 6 7
1276.0 5 2 3 4 5 6 8
1277.0 5 2 3 4 5 6 9
1278.0 5 2 3 4 5 6 10
1279.0 5 2 3 4 5 6 11
1280.0 5 2 3 4 5 7 8
1281.0 5 2 3 4 5 7 9
1282.0 5 2 3 4 5 7 10
1283.0 5 2 3 4 5 7 11
1284.0 5 2 3 4 5 8 9
1285.0 5 2 3 4 5 8 10
1286.0 5 2 3 4 5 8 11
1287.0 5 2 3 4 5 9 10
1288.0 5 2 3 4 5 9 11
1289.0 5 2 3 4 5 10 11
1290.0 5 2 3 4 6 7 8
1291.0 5 2 3 4 6 7 9
1292.0 5 2 3 4 6 7 10
1293.0 5 2 3 4 6 7 11
1294.0 5 2 3 4 6 8 9
1295.0 5 2 3 4 6 8 10
1296.0 5 2 3 4 6 8 11
1297.0 5 2 3 4 6 9 10
1298.0 5 2 3 4 6 9 11
1299.0 5 2 3 4 6 10 11
1300.0 5 2 3 4 7 8 9
1301.0 5 2 3 4 7 8 10
1302.0 5 2 3 4 7 8 11
1303.0 5 2 3 4 7 9 10
1304.0 5 2 3 4 7 9 11
1305.0 5 2 3 4 7 10 11
1306.0 5 2 3 4 8 9 10
1307.0 5 2 3 4 8 9 11
1308.0 5 2 3 4 8 10 11
1309.0 5 2 3 4 9 10 11
1310.0 5 2 3 5 6 7 8
1311.0 5 2 3 5 6 7 9
1312.0 5 2 3 5 6 7 10
1313.0 5 2 3 5 6 7 11
1314.0 5 2 3 5 6 8 9
1315.0 5 2 3 5 6 8 10
1316.0 5 2 3 5 6 8 11
1317.0 5 2 3 5 6 9 10
1318.0 5 2 3 5 6 9 11
1319.0 5 2 3 5 6 10 11
1320.0 5 2 3 5 7 8 9
1321.0 5 2 3 5 7 8 10
1322.0 5 2 3 5 7 8 11
1323.0 5 2 3 5 7 9 10
1324.0 5 2 3 5 7 9 11
1325.0 5 2 3 5 7 10 11
1326.0 5 2 3 5 8 9 10
1327.0 5 2 3 5 8 9 11
1328.0 5 2 3 5 8 10 11
1329.0 5 2 3 5 9 10 11
1330.0 5 2 3 6 7 8 9
1331.0 5 2 3 6 7 8 10
1332.0 5 2 3 6 7 8 11
1333.0 5 2 3 6 7 9 10
1334.0 5 2 3 6 7 9 11
1335.0 5 2 3 6 7 10 11
1336.0 5 2 3 6 8 9 10
1337.0 5 2 3 6 8 9 11
1338.0 5 2 3 6 8 10 11
1339.0 5 2 3 6 9 10 11
1340.0 5 2 3 7 8 9 10
1341.0 5 2 3 7 8 9 11
1342.0 5 2 3 7 8 10 11
1343.0 5 2 3 7 9 10 11
1344.0 5 2 3 8 9 10 11
1345.0 5 2 4 5 6 7 8
1346.0 5 2 4 5 6 7 9
1347.0 5 2 4 5 6 7 10
1348.0 5 2 4 5 6 7 11
1349.0 5 2 4 5 6 8 9
1350.0 5 2 4 5 6 8 10
1351.0 5 2 4 5 6 8 11
1352.0 5 2 4 5 6 9 10
1353.0 5 2 4 5 6 9 11
1354.0 5 2 4 5 6 10 11
1355.0 5 2 4 5 7 8 9
1356.0 5 2 4 5 7 8 10
1357.0 5 2 4 5 7 8 11
1358.0 5 2 4 5 7 9 10
1359.0 5 2 4 5 7 9 11
1360.0 5 2 4 5 7 10 11
1361.0 5 2 4 5 8 9 10
1362.0 5 2 4 5 8 9 11
1363.0 5 2 4 5 8 10 11
1364.0 5 2 4 5 9 10 11
1365.0 5 2 4 6 7 8 9
1366.0 5 2 4 6 7 8 10
1367.0 5 2 4 6 7 8 11
1368.0 5 2 4 6 7 9 10
1369.0 5 2 4 6 7 9 11
1370.0 5 2 4 6 7 10 11
1371.0 5 2 4 6 8 9 10
1372.0 5 2 4 6 8 9 11
1373.0 5 2 4 6 8 10 11
1374.0 5 2 4 6 9 10 11
1375.0 5 2 4 7 8 9 10
1376.0 5 2 4 7 8 9 11
1377.0 5 2 4 7 8 10 11
1378.0 5 2 4 7 9 10 11
1379.0 5 2 4 8 9 10 11
1380.0 5 2 5 6 7 8 9
1381.0 5 2 5 6 7 8 10
1382.0 5 2 5 6 7 8 11
1383.0 5 2 5 6 7 9 10
1384.0 5 2 5 6 7 9 11
1385.0 5 2 5 6 7 10 11
1386.0 5 2 5 6 8 9 10
1387.0 5 2 5 6 8 9 11
1388.0 5 2 5 6 8 10 11
1389.0 5 2 5 6 9 10 11
1390.0 5 2 5 7 8 9 10
1391.0 5 2 5 7 8 9 11
1392.0 5 2 5 7 8 10 11
1393.0 5 2 5 7 9 10 11
1394.0 5 2 5 8 9 10 11
1395.0 5 2 6 7 8 9 10
1396.0 5 2 6 7 8 9 11
1397.0 5 2 6 7 8 10 11
1398.0 5 2 6 7 9 10 11
1399.0 5 2 6 8 9 10 11
1400.0 5 2 7 8 9 10 11
1401.0 5 3 4 5 6 7 8
1402.0 5 3 4 5 6 7 9
1403.0 5 3 4 5 6 7 10
1404.0 5 3 4 5 6 7 11
1405.0 5 3 4 5 6 8 9
1406.0 5 3 4 5 6 8 10
1407.0 5 3 4 5 6 8 11
1408.0 5 3 4 5 6 9 10
1409.0 5 3 4 5 6 9 11
1410.0 5 3 4 5 6 10 11
1411.0 5 3 4 5 7 8 9
1412.0 5 3 4 5 7 8 10
1413.0 5 3 4 5 7 8 11
1414.0 5 3 4 5 7 9 10
1415.0 5 3 4 5 7 9 11
1416.0 5 3 4 5 7 10 11
1417.0 5 3 4 5 8 9 10
1418.0 5 3 4 5 8 9 11
1419.0 5 3 4 5 8 10 11
1420.0 5 3 4 5 9 10 11
1421.0 5 3 4 6 7 8 9
1422.0 5 3 4 6 7 8 10
1423.0 5 3 4 6 7 8 11
1424.0 5 3 4 6 7 9 10
1425.0 5 3 4 6 7 9 11
1426.0 5 3 4 6 7 10 11
1427.0 5 3 4 6 8 9 10
1428.0 5 3 4 6 8 9 11
1429.0 5 3 4 6 8 10 11
1430.0 5 3 4 6 9 10 11
1431.0 5 3 4 7 8 9 10
1432.0 5 3 4 7 8 9 11
1433.0 5 3 4 7 8 10 11
1434.0 5 3 4 7 9 10 11
1435.0 5 3 4 8 9 10 11
1436.0 5 3 5 6 7 8 9
1437.0 5 3 5 6 7 8 10
1438.0 5 3 5 6 7 8 11
1439.0 5 3 5 6 7 9 10
1440.0 5 3 5 6 7 9 11
1441.0 5 3 5 6 7 10 11
1442.0 5 3 5 6 8 9 10
1443.0 5 3 5 6 8 9 11
1444.0 5 3 5 6 8 10 11
1445.0 5 3 5 6 9 10 11
1446.0 5 3 5 7 8 9 10
1447.0 5 3 5 7 8 9 11
1448.0 5 3 5 7 8 10 11
1449.0 5 3 5 7 9 10 11
1450.0 5 3 5 8 9 10 11
1451.0 5 3 6 7 8 9 10
1452.0 5 3 6 7 8 9 11
1453.0 5 3 6 7 8 10 11
1454.0 5 3 6 7 9 10 11
1455.0 5 3 6 8 9 10 11
1456.0 5 3 7 8 9 10 11
1457.0 5 4 5 6 7 8 9
1458.0 5 4 5 6 7 8 10
1459.0 5 4 5 6 7 8 11
1460.0 5 4 5 6 7 9 10
1461.0 5 4 5 6 7 9 11
1462.0 5 4 5 6 7 10 11
1463.0 5 4 5 6 8 9 10
1464.0 5 4 5 6 8 9 11
1465.0 5 4 5 6 8 10 11
1466.0 5 4 5 6 9 10 11
1467.0 5 4 5 7 8 9 10
1468.0 5 4 5 7 8 9 11
1469.0 5 4 5 7 8 10 11
1470.0 5 4 5 7 9 10 11
1471.0 5 4 5 8 9 10 11
1472.0 5 4 6 7 8 9 10
1473.0 5 4 6 7 8 9 11
1474.0 5 4 6 7 8 10 11
1475.0 5 4 6 7 9 10 11
1476.0 5 4 6 8 9 10 11
1477.0 5 4 7 8 9 10 11
1478.0 5 5 6 7 8 9 10
1479.0 5 5 6 7 8 9 11
1480.0 5 5 6 7 8 10 11
1481.0 5 5 6 7 9 10 11
1482.0 5 5 6 8 9 10 11
1483.0 5 5 7 8 9 10 11
1484.0 5 6 7 8 9 10 11
1485.0 6 1 2 3 4 5 6 7
1486.0 6 1 2 3 4 5 6 8
1487.0 6 1 2 3 4 5 6 9
1488.0 6 1 2 3 4 5 6 10
1489.0 6 1 2 3 4 5 6 11
1490.0 6 1 2 3 4 5 7 8
1491.0 6 1 2 3 4 5 7 9
1492.0 6 1 2 3 4 5 7 10
1493.0 6 1 2 3 4 5 7 11
1494.0 6 1 2 3 4 5 8 9
1495.0 6 1 2 3 4 5 8 10
1496.0 6 1 2 3 4 5 8 11
1497.0 6 1 2 3 4 5 9 10
1498.0 6 1 2 3 4 5 9 11
1499.0 6 1 2 3 4 5 10 11
1500.0 6 1 2 3 4 6 7 8
1501.0 6 1 2 3 4 6 7 9
1502.0 6 1 2 3 4 6 7 10
1503.0 6 1 2 3 4 6 7 11
1504.0 6 1 2 3 4 6 8 9
1505.0 6 1 2 3 4 6 8 10
1506.0 6 1 2 3 4 6 8 11
1507.0 6 1 2 3 4 6 9 10
1508.0 6 1 2 3 4 6 9 11
1509.0 6 1 2 3 4 6 10 11
1510.0 6 1 2 3 4 7 8 9
1511.0 6 1 2 3 4 7 8 10
1512.0 6 1 2 3 4 7 8 11
1513.0 6 1 2 3 4 7 9 10
1514.0 6 1 2 3 4 7 9 11
1515.0 6 1 2 3 4 7 10 11
1516.0 6 1 2 3 4 8 9 10
1517.0 6 1 2 3 4 8 9 11
1518.0 6 1 2 3 4 8 10 11
1519.0 6 1 2 3 4 9 10 11
1520.0 6 1 2 3 5 6 7 8
1521.0 6 1 2 3 5 6 7 9
1522.0 6 1 2 3 5 6 7 10
1523.0 6 1 2 3 5 6 7 11
1524.0 6 1 2 3 5 6 8 9
1525.0 6 1 2 3 5 6 8 10
1526.0 6 1 2 3 5 6 8 11
1527.0 6 1 2 3 5 6 9 10
1528.0 6 1 2 3 5 6 9 11
1529.0 6 1 2 3 5 6 10 11
1530.0 6 1 2 3 5 7 8 9
1531.0 6 1 2 3 5 7 8 10
1532.0 6 1 2 3 5 7 8 11
1533.0 6 1 2 3 5 7 9 10
1534.0 6 1 2 3 5 7 9 11
1535.0 6 1 2 3 5 7 10 11
1536.0 6 1 2 3 5 8 9 10
1537.0 6 1 2 3 5 8 9 11
1538.0 6 1 2 3 5 8 10 11
1539.0 6 1 2 3 5 9 10 11
1540.0 6 1 2 3 6 7 8 9
1541.0 6 1 2 3 6 7 8 10
1542.0 6 1 2 3 6 7 8 11
1543.0 6 1 2 3 6 7 9 10
1544.0 6 1 2 3 6 7 9 11
1545.0 6 1 2 3 6 7 10 11
1546.0 6 1 2 3 6 8 9 10
1547.0 6 1 2 3 6 8 9 11
1548.0 6 1 2 3 6 8 10 11
1549.0 6 1 2 3 6 9 10 11
1550.0 6 1 2 3 7 8 9 10
1551.0 6 1 2 3 7 8 9 11
1552.0 6 1 2 3 7 8 10 11
1553.0 6 1 2 3 7 9 10 11
1554.0 6 1 2 3 8 9 10 11
1555.0 6 1 2 4 5 6 7 8
1556.0 6 1 2 4 5 6 7 9
1557.0 6 1 2 4 5 6 7 10
1558.0 6 1 2 4 5 6 7 11
1559.0 6 1 2 4 5 6 8 9
1560.0 6 1 2 4 5 6 8 10
1561.0 6 1 2 4 5 6 8 11
1562.0 6 1 2 4 5 6 9 10
1563.0 6 1 2 4 5 6 9 11
1564.0 6 1 2 4 5 6 10 11
1565.0 6 1 2 4 5 7 8 9
1566.0 6 1 2 4 5 7 8 10
1567.0 6 1 2 4 5 7 8 11
1568.0 6 1 2 4 5 7 9 10
1569.0 6 1 2 4 5 7 9 11
1570.0 6 1 2 4 5 7 10 11
1571.0 6 1 2 4 5 8 9 10
1572.0 6 1 2 4 5 8 9 11
1573.0 6 1 2 4 5 8 10 11
1574.0 6 1 2 4 5 9 10 11
1575.0 6 1 2 4 6 7 8 9
1576.0 6 1 2 4 6 7 8 10
1577.0 6 1 2 4 6 7 8 11
1578.0 6 1 2 4 6 7 9 10
1579.0 6 1 2 4 6 7 9 11
1580.0 6 1 2 4 6 7 10 11
1581.0 6 1 2 4 6 8 9 10
1582.0 6 1 2 4 6 8 9 11
1583.0 6 1 2 4 6 8 10 11
1584.0 6 1 2 4 6 9 10 11
1585.0 6 1 2 4 7 8 9 10
1586.0 6 1 2 4 7 8 9 11
1587.0 6 1 2 4 7 8 10 11
1588.0 6 1 2 4 7 9 10 11
1589.0 6 1 2 4 8 9 10 11
1590.0 6 1 2 5 6 7 8 9
1591.0 6 1 2 5 6 7 8 10
1592.0 6 1 2 5 6 7 8 11
1593.0 6 1 2 5 6 7 9 10
1594.0 6 1 2 5 6 7 9 11
1595.0 6 1 2 5 6 7 10 11
1596.0 6 1 2 5 6 8 9 10
1597.0 6 1 2 5 6 8 9 11
1598.0 6 1 2 5 6 8 10 11
1599.0 6 1 2 5 6 9 10 11
1600.0 6 1 2 5 7 8 9 10
1601.0 6 1 2 5 7 8 9 11
1602.0 6 1 2 5 7 8 10 11
1603.0 6 1 2 5 7 9 10 11
1604.0 6 1 2 5 8 9 10 11
1605.0 6 1 2 6 7 8 9 10
1606.0 6 1 2 6 7 8 9 11
1607.0 6 1 2 6 7 8 10 11
1608.0 6 1 2 6 7 9 10 11
1609.0 6 1 2 6 8 9 10 11
1610.0 6 1 2 7 8 9 10 11
1611.0 6 1 3 4 5 6 7 8
1612.0 6 1 3 4 5 6 7 9
1613.0 6 1 3 4 5 6 7 10
1614.0 6 1 3 4 5 6 7 11
1615.0 6 1 3 4 5 6 8 9
1616.0 6 1 3 4 5 6 8 10
1617.0 6 1 3 4 5 6 8 11
1618.0 6 1 3 4 5 6 9 10
1619.0 6 1 3 4 5 6 9 11
1620.0 6 1 3 4 5 6 10 11
1621.0 6 1 3 4 5 7 8 9
1622.0 6 1 3 4 5 7 8 10
1623.0 6 1 3 4 5 7 8 11
1624.0 6 1 3 4 5 7 9 10
1625.0 6 1 3 4 5 7 9 11
1626.0 6 1 3 4 5 7 10 11
1627.0 6 1 3 4 5 8 9 10
1628.0 6 1 3 4 5 8 9 11
1629.0 6 1 3 4 5 8 10 11
1630.0 6 1 3 4 5 9 10 11
1631.0 6 1 3 4 6 7 8 9
1632.0 6 1 3 4 6 7 8 10
1633.0 6 1 3 4 6 7 8 11
1634.0 6 1 3 4 6 7 9 10
1635.0 6 1 3 4 6 7 9 11
1636.0 6 1 3 4 6 7 10 11
1637.0 6 1 3 4 6 8 9 10
1638.0 6 1 3 4 6 8 9 11
1639.0 6 1 3 4 6 8 10 11
1640.0 6 1 3 4 6 9 10 11
1641.0 6 1 3 4 7 8 9 10
1642.0 6 1 3 4 7 8 9 11
1643.0 6 1 3 4 7 8 10 11
1644.0 6 1 3 4 7 9 10 11
1645.0 6 1 3 4 8 9 10 11
1646.0 6 1 3 5 6 7 8 9
1647.0 6 1 3 5 6 7 8 10
1648.0 6 1 3 5 6 7 8 11
1649.0 6 1 3 5 6 7 9 10
1650.0 6 1 3 5 6 7 9 11
1651.0 6 1 3 5 6 7 10 11
1652.0 6 1 3 5 6 8 9 10
1653.0 6 1 3 5 6 8 9 11
1654.0 6 1 3 5 6 8 10 11
1655.0 6 1 3 5 6 9 10 11
1656.0 6 1 3 5 7 8 9 10
1657.0 6 1 3 5 7 8 9 11
1658.0 6 1 3 5 7 8 10 11
1659.0 6 1 3 5 7 9 10 11
1660.0 6 1 3 5 8 9 10 11
1661.0 6 1 3 6 7 8 9 10
1662.0 6 1 3 6 7 8 9 11
1663.0 6 1 3 6 7 8 10 11
1664.0 6 1 3 6 7 9 10 11
1665.0 6 1 3 6 8 9 10 11
1666.0 6 1 3 7 8 9 10 11
1667.0 6 1 4 5 6 7 8 9
1668.0 6 1 4 5 6 7 8 10
1669.0 6 1 4 5 6 7 8 11
1670.0 6 1 4 5 6 7 9 10
1671.0 6 1 4 5 6 7 9 11
1672.0 6 1 4 5 6 7 10 11
1673.0 6 1 4 5 6 8 9 10
1674.0 6 1 4 5 6 8 9 11
1675.0 6 1 4 5 6 8 10 11
1676.0 6 1 4 5 6 9 10 11
1677.0 6 1 4 5 7 8 9 10
1678.0 6 1 4 5 7 8 9 11
1679.0 6 1 4 5 7 8 10 11
1680.0 6 1 4 5 7 9 10 11
1681.0 6 1 4 5 8 9 10 11
1682.0 6 1 4 6 7 8 9 10
1683.0 6 1 4 6 7 8 9 11
1684.0 6 1 4 6 7 8 10 11
1685.0 6 1 4 6 7 9 10 11
1686.0 6 1 4 6 8 9 10 11
1687.0 6 1 4 7 8 9 10 11
1688.0 6 1 5 6 7 8 9 10
1689.0 6 1 5 6 7 8 9 11
1690.0 6 1 5 6 7 8 10 11
1691.0 6 1 5 6 7 9 10 11
1692.0 6 1 5 6 8 9 10 11
1693.0 6 1 5 7 8 9 10 11
1694.0 6 1 6 7 8 9 10 11
1695.0 6 2 3 4 5 6 7 8
1696.0 6 2 3 4 5 6 7 9
1697.0 6 2 3 4 5 6 7 10
1698.0 6 2 3 4 5 6 7 11
1699.0 6 2 3 4 5 6 8 9
1700.0 6 2 3 4 5 6 8 10
1701.0 6 2 3 4 5 6 8 11
1702.0 6 2 3 4 5 6 9 10
1703.0 6 2 3 4 5 6 9 11
1704.0 6 2 3 4 5 6 10 11
1705.0 6 2 3 4 5 7 8 9
1706.0 6 2 3 4 5 7 8 10
1707.0 6 2 3 4 5 7 8 11
1708.0 6 2 3 4 5 7 9 10
1709.0 6 2 3 4 5 7 9 11
1710.0 6 2 3 4 5 7 10 11
1711.0 6 2 3 4 5 8 9 10
1712.0 6 2 3 4 5 8 9 11
1713.0 6 2 3 4 5 8 10 11
1714.0 6 2 3 4 5 9 10 11
1715.0 6 2 3 4 6 7 8 9
1716.0 6 2 3 4 6 7 8 10
1717.0 6 2 3 4 6 7 8 11
1718.0 6 2 3 4 6 7 9 10
1719.0 6 2 3 4 6 7 9 11
1720.0 6 2 3 4 6 7 10 11
1721.0 6 2 3 4 6 8 9 10
1722.0 6 2 3 4 6 8 9 11
1723.0 6 2 3 4 6 8 10 11
1724.0 6 2 3 4 6 9 10 11
1725.0 6 2 3 4 7 8 9 10
1726.0 6 2 3 4 7 8 9 11
1727.0 6 2 3 4 7 8 10 11
1728.0 6 2 3 4 7 9 10 11
1729.0 6 2 3 4 8 9 10 11
1730.0 6 2 3 5 6 7 8 9
1731.0 6 2 3 5 6 7 8 10
1732.0 6 2 3 5 6 7 8 11
1733.0 6 2 3 5 6 7 9 10
1734.0 6 2 3 5 6 7 9 11
1735.0 6 2 3 5 6 7 10 11
1736.0 6 2 3 5 6 8 9 10
1737.0 6 2 3 5 6 8 9 11
1738.0 6 2 3 5 6 8 10 11
1739.0 6 2 3 5 6 9 10 11
1740.0 6 2 3 5 7 8 9 10
1741.0 6 2 3 5 7 8 9 11
1742.0 6 2 3 5 7 8 10 11
1743.0 6 2 3 5 7 9 10 11
1744.0 6 2 3 5 8 9 10 11
1745.0 6 2 3 6 7 8 9 10
1746.0 6 2 3 6 7 8 9 11
1747.0 6 2 3 6 7 8 10 11
1748.0 6 2 3 6 7 9 10 11
1749.0 6 2 3 6 8 9 10 11
1750.0 6 2 3 7 8 9 10 11
1751.0 6 2 4 5 6 7 8 9
1752.0 6 2 4 5 6 7 8 10
1753.0 6 2 4 5 6 7 8 11
1754.0 6 2 4 5 6 7 9 10
1755.0 6 2 4 5 6 7 9 11
1756.0 6 2 4 5 6 7 10 11
1757.0 6 2 4 5 6 8 9 10
1758.0 6 2 4 5 6 8 9 11
1759.0 6 2 4 5 6 8 10 11
1760.0 6 2 4 5 6 9 10 11
1761.0 6 2 4 5 7 8 9 10
1762.0 6 2 4 5 7 8 9 11
1763.0 6 2 4 5 7 8 10 11
1764.0 6 2 4 5 7 9 10 11
1765.0 6 2 4 5 8 9 10 11
1766.0 6 2 4 6 7 8 9 10
1767.0 6 2 4 6 7 8 9 11
1768.0 6 2 4 6 7 8 10 11
1769.0 6 2 4 6 7 9 10 11
1770.0 6 2 4 6 8 9 10 11
1771.0 6 2 4 7 8 9 10 11
1772.0 6 2 5 6 7 8 9 10
1773.0 6 2 5 6 7 8 9 11
1774.0 6 2 5 6 7 8 10 11
1775.0 6 2 5 6 7 9 10 11
1776.0 6 2 5 6 8 9 10 11
1777.0 6 2 5 7 8 9 10 11
1778.0 6 2 6 7 8 9 10 11
1779.0 6 3 4 5 6 7 8 9
1780.0 6 3 4 5 6 7 8 10
1781.0 6 3 4 5 6 7 8 11
1782.0 6 3 4 5 6 7 9 10
1783.0 6 3 4 5 6 7 9 11
1784.0 6 3 4 5 6 7 10 11
1785.0 6 3 4 5 6 8 9 10
1786.0 6 3 4 5 6 8 9 11
1787.0 6 3 4 5 6 8 10 11
1788.0 6 3 4 5 6 9 10 11
1789.0 6 3 4 5 7 8 9 10
1790.0 6 3 4 5 7 8 9 11
1791.0 6 3 4 5 7 8 10 11
1792.0 6 3 4 5 7 9 10 11
1793.0 6 3 4 5 8 9 10 11
1794.0 6 3 4 6 7 8 9 10
1795.0 6 3 4 6 7 8 9 11
1796.0 6 3 4 6 7 8 10 11
1797.0 6 3 4 6 7 9 10 11
1798.0 6 3 4 6 8 9 10 11
1799.0 6 3 4 7 8 9 10 11
1800.0 6 3 5 6 7 8 9 10
1801.0 6 3 5 6 7 8 9 11
1802.0 6 3 5 6 7 8 10 11
1803.0 6 3 5 6 7 9 10 11
1804.0 6 3 5 6 8 9 10 11
1805.0 6 3 5 7 8 9 10 11
1806.0 6 3 6 7 8 9 10 11
1807.0 6 4 5 6 7 8 9 10
1808.0 6 4 5 6 7 8 9 11
1809.0 6 4 5 6 7 8 10 11
1810.0 6 4 5 6 7 9 10 11
1811.0 6 4 5 6 8 9 10 11
1812.0 6 4 5 7 8 9 10 11
1813.0 6 4 6 7 8 9 10 11
1814.0 6 5 6 7 8 9 10 11
1815.0 7 1 2 3 4 5 6 7 8
1816.0 7 1 2 3 4 5 6 7 9
1817.0 7 1 2 3 4 5 6 7 10
1818.0 7 1 2 3 4 5 6 7 11
1819.0 7 1 2 3 4 5 6 8 9
1820.0 7 1 2 3 4 5 6 8 10
1821.0 7 1 2 3 4 5 6 8 11
1822.0 7 1 2 3 4 5 6 9 10
1823.0 7 1 2 3 4 5 6 9 11
1824.0 7 1 2 3 4 5 6 10 11
1825.0 7 1 2 3 4 5 7 8 9
1826.0 7 1 2 3 4 5 7 8 10
1827.0 7 1 2 3 4 5 7 8 11
1828.0 7 1 2 3 4 5 7 9 10
1829.0 7 1 2 3 4 5 7 9 11
1830.0 7 1 2 3 4 5 7 10 11
1831.0 7 1 2 3 4 5 8 9 10
1832.0 7 1 2 3 4 5 8 9 11
1833.0 7 1 2 3 4 5 8 10 11
1834.0 7 1 2 3 4 5 9 10 11
1835.0 7 1 2 3 4 6 7 8 9
1836.0 7 1 2 3 4 6 7 8 10
1837.0 7 1 2 3 4 6 7 8 11
1838.0 7 1 2 3 4 6 7 9 10
1839.0 7 1 2 3 4 6 7 9 11
1840.0 7 1 2 3 4 6 7 10 11
1841.0 7 1 2 3 4 6 8 9 10
1842.0 7 1 2 3 4 6 8 9 11
1843.0 7 1 2 3 4 6 8 10 11
1844.0 7 1 2 3 4 6 9 10 11
1845.0 7 1 2 3 4 7 8 9 10
1846.0 7 1 2 3 4 7 8 9 11
1847.0 7 1 2 3 4 7 8 10 11
1848.0 7 1 2 3 4 7 9 10 11
1849.0 7 1 2 3 4 8 9 10 11
1850.0 7 1 2 3 5 6 7 8 9
1851.0 7 1 2 3 5 6 7 8 10
1852.0 7 1 2 3 5 6 7 8 11
1853.0 7 1 2 3 5 6 7 9 10
1854.0 7 1 2 3 5 6 7 9 11
1855.0 7 1 2 3 5 6 7 10 11
1856.0 7 1 2 3 5 6 8 9 10
1857.0 7 1 2 3 5 6 8 9 11
1858.0 7 1 2 3 5 6 8 10 11
1859.0 7 1 2 3 5 6 9 10 11
1860.0 7 1 2 3 5 7 8 9 10
1861.0 7 1 2 3 5 7 8 9 11
1862.0 7 1 2 3 5 7 8 10 11
1863.0 7 1 2 3 5 7 9 10 11
1864.0 7 1 2 3 5 8 9 10 11
1865.0 7 1 2 3 6 7 8 9 10
1866.0 7 1 2 3 6 7 8 9 11
1867.0 7 1 2 3 6 7 8 10 11
1868.0 7 1 2 3 6 7 9 10 11
1869.0 7 1 2 3 6 8 9 10 11
1870.0 7 1 2 3 7 8 9 10 11
1871.0 7 1 2 4 5 6 7 8 9
1872.0 7 1 2 4 5 6 7 8 10
1873.0 7 1 2 4 5 6 7 8 11
1874.0 7 1 2 4 5 6 7 9 10
1875.0 7 1 2 4 5 6 7 9 11
1876.0 7 1 2 4 5 6 7 10 11
1877.0 7 1 2 4 5 6 8 9 10
1878.0 7 1 2 4 5 6 8 9 11
1879.0 7 1 2 4 5 6 8 10 11
1880.0 7 1 2 4 5 6 9 10 11
1881.0 7 1 2 4 5 7 8 9 10
1882.0 7 1 2 4 5 7 8 9 11
1883.0 7 1 2 4 5 7 8 10 11
1884.0 7 1 2 4 5 7 9 10 11
1885.0 7 1 2 4 5 8 9 10 11
1886.0 7 1 2 4 6 7 8 9 10
1887.0 7 1 2 4 6 7 8 9 11
1888.0 7 1 2 4 6 7 8 10 11
1889.0 7 1 2 4 6 7 9 10 11
1890.0 7 1 2 4 6 8 9 10 11
1891.0 7 1 2 4 7 8 9 10 11
1892.0 7 1 2 5 6 7 8 9 10
1893.0 7 1 2 5 6 7 8 9 11
1894.0 7 1 2 5 6 7 8 10 11
1895.0 7 1 2 5 6 7 9 10 11
1896.0 7 1 2 5 6 8 9 10 11
1897.0 7 1 2 5 7 8 9 10 11
1898.0 7 1 2 6 7 8 9 10 11
1899.0 7 1 3 4 5 6 7 8 9
1900.0 7 1 3 4 5 6 7 8 10
1901.0 7 1 3 4 5 6 7 8 11
1902.0 7 1 3 4 5 6 7 9 10
1903.0 7 1 3 4 5 6 7 9 11
1904.0 7 1 3 4 5 6 7 10 11
1905.0 7 1 3 4 5 6 8 9 10
1906.0 7 1 3 4 5 6 8 9 11
1907.0 7 1 3 4 5 6 8 10 11
1908.0 7 1 3 4 5 6 9 10 11
1909.0 7 1 3 4 5 7 8 9 10
1910.0 7 1 3 4 5 7 8 9 11
1911.0 7 1 3 4 5 7 8 10 11
1912.0 7 1 3 4 5 7 9 10 11
1913.0 7 1 3 4 5 8 9 10 11
1914.0 7 1 3 4 6 7 8 9 10
1915.0 7 1 3 4 6 7 8 9 11
1916.0 7 1 3 4 6 7 8 10 11
1917.0 7 1 3 4 6 7 9 10 11
1918.0 7 1 3 4 6 8 9 10 11
1919.0 7 1 3 4 7 8 9 10 11
1920.0 7 1 3 5 6 7 8 9 10
1921.0 7 1 3 5 6 7 8 9 11
1922.0 7 1 3 5 6 7 8 10 11
1923.0 7 1 3 5 6 7 9 10 11
1924.0 7 1 3 5 6 8 9 10 11
1925.0 7 1 3 5 7 8 9 10 11
1926.0 7 1 3 6 7 8 9 10 11
1927.0 7 1 4 5 6 7 8 9 10
1928.0 7 1 4 5 6 7 8 9 11
1929.0 7 1 4 5 6 7 8 10 11
1930.0 7 1 4 5 6 7 9 10 11
1931.0 7 1 4 5 6 8 9 10 11
1932.0 7 1 4 5 7 8 9 10 11
1933.0 7 1 4 6 7 8 9 10 11
1934.0 7 1 5 6 7 8 9 10 11
1935.0 7 2 3 4 5 6 7 8 9
1936.0 7 2 3 4 5 6 7 8 10
1937.0 7 2 3 4 5 6 7 8 11
1938.0 7 2 3 4 5 6 7 9 10
1939.0 7 2 3 4 5 6 7 9 11
1940.0 7 2 3 4 5 6 7 10 11
1941.0 7 2 3 4 5 6 8 9 10
1942.0 7 2 3 4 5 6 8 9 11
1943.0 7 2 3 4 5 6 8 10 11
1944.0 7 2 3 4 5 6 9 10 11
1945.0 7 2 3 4 5 7 8 9 10
1946.0 7 2 3 4 5 7 8 9 11
1947.0 7 2 3 4 5 7 8 10 11
1948.0 7 2 3 4 5 7 9 10 11
1949.0 7 2 3 4 5 8 9 10 11
1950.0 7 2 3 4 6 7 8 9 10
1951.0 7 2 3 4 6 7 8 9 11
1952.0 7 2 3 4 6 7 8 10 11
1953.0 7 2 3 4 6 7 9 10 11
1954.0 7 2 3 4 6 8 9 10 11
1955.0 7 2 3 4 7 8 9 10 11
1956.0 7 2 3 5 6 7 8 9 10
1957.0 7 2 3 5 6 7 8 9 11
1958.0 7 2 3 5 6 7 8 10 11
1959.0 7 2 3 5 6 7 9 10 11
1960.0 7 2 3 5 6 8 9 10 11
1961.0 7 2 3 5 7 8 9 10 11
1962.0 7 2 3 6 7 8 9 10 11
1963.0 7 2 4 5 6 7 8 9 10
1964.0 7 2 4 5 6 7 8 9 11
1965.0 7 2 4 5 6 7 8 10 11
1966.0 7 2 4 5 6 7 9 10 11
1967.0 7 2 4 5 6 8 9 10 11
1968.0 7 2 4 5 7 8 9 10 11
1969.0 7 2 4 6 7 8 9 10 11
1970.0 7 2 5 6 7 8 9 10 11
1971.0 7 3 4 5 6 7 8 9 10
1972.0 7 3 4 5 6 7 8 9 11
1973.0 7 3 4 5 6 7 8 10 11
1974.0 7 3 4 5 6 7 9 10 11
1975.0 7 3 4 5 6 8 9 10 11
1976.0 7 3 4 5 7 8 9 10 11
1977.0 7 3 4 6 7 8 9 10 11
1978.0 7 3 5 6 7 8 9 10 11
1979.0 7 4 5 6 7 8 9 10 11
1980.0 8 1 2 3 4 5 6 7 8 9
1981.0 8 1 2 3 4 5 6 7 8 10
1982.0 8 1 2 3 4 5 6 7 8 11
1983.0 8 1 2 3 4 5 6 7 9 10
1984.0 8 1 2 3 4 5 6 7 9 11
1985.0 8 1 2 3 4 5 6 7 10 11
1986.0 8 1 2 3 4 5 6 8 9 10
1987.0 8 1 2 3 4 5 6 8 9 11
1988.0 8 1 2 3 4 5 6 8 10 11
1989.0 8 1 2 3 4 5 6 9 10 11
1990.0 8 1 2 3 4 5 7 8 9 10
1991.0 8 1 2 3 4 5 7 8 9 11
1992.0 8 1 2 3 4 5 7 8 10 11
1993.0 8 1 2 3 4 5 7 9 10 11
1994.0 8 1 2 3 4 5 8 9 10 11
1995.0 8 1 2 3 4 6 7 8 9 10
1996.0 8 1 2 3 4 6 7 8 9 11
1997.0 8 1 2 3 4 6 7 8 10 11
1998.0 8 1 2 3 4 6 7 9 10 11
1999.0 8 1 2 3 4 6 8 9 10 11
2000.0 8 1 2 3 4 7 8 9 10 11
2001.0 8 1 2 3 5 6 7 8 9 10
2002.0 8 1 2 3 5 6 7 8 9 11
2003.0 8 1 2 3 5 6 7 8 10 11
2004.0 8 1 2 3 5 6 7 9 10 11
2005.0 8 1 2 3 5 6 8 9 10 11
2006.0 8 1 2 3 5 7 8 9 10 11
2007.0 8 1 2 3 6 7 8 9 10 11
2008.0 8 1 2 4 5 6 7 8 9 10
2009.0 8 1 2 4 5 6 7 8 9 11
2010.0 8 1 2 4 5 6 7 8 10 11
2011.0 8 1 2 4 5 6 7 9 10 11
2012.0 8 1 2 4 5 6 8 9 10 11
2013.0 8 1 2 4 5 7 8 9 10 11
2014.0 8 1 2 4 6 7 8 9 10 11
2015.0 8 1 2 5 6 7 8 9 10 11
2016.0 8 1 3 4 5 6 7 8 9 10
2017.0 8 1 3 4 5 6 7 8 9 11
2018.0 8 1 3 4 5 6 7 8 10 11
2019.0 8 1 3 4 5 6 7 9 10 11
2020.0 8 1 3 4 5 6 8 9 10 11
2021.0 8 1 3 4 5 7 8 9 10 11
2022.0 8 1 3 4 6 7 8 9 10 11
2023.0 8 1 3 5 6 7 8 9 10 11
2024.0 8 1 4 5 6 7 8 9 10 11
2025.0 8 2 3 4 5 6 7 8 9 10
2026.0 8 2 3 4 5 6 7 8 9 11
2027.0 8 2 3 4 5 6 7 8 10 11
2028.0 8 2 3 4 5 6 7 9 10 11
2029.0 8 2 3 4 5 6 8 9 10 11
2030.0 8 2 3 4 5 7 8 9 10 11
2031.0 8 2 3 4 6 7 8 9 10 11
2032.0 8 2 3 5 6 7 8 9 10 11
2033.0 8 2 4 5 6 7 8 9 10 11
2034.0 8 3 4 5 6 7 8 9 10 11
2035.0 9 1 2 3 4 5 6 7 8 9 10
2036.0 9 1 2 3 4 5 6 7 8 9 11
2037.0 9 1 2 3 4 5 6 7 8 10 11
2038.0 9 1 2 3 4 5 6 7 9 10 11
2039.0 9 1 2 3 4 5 6 8 9 10 11
2040.0 9 1 2 3 4 5 7 8 9 10 11
2041.0 9 1 2 3 4 6 7 8 9 10 11
2042.0 9 1 2 3 5 6 7 8 9 10 11
2043.0 9 1 2 4 5 6 7 8 9 10 11
2044.0 9 1 3 4 5 6 7 8 9 10 11
2045.0 9 2 3 4 5 6 7 8 9 10 11
