0.0 0 1
1.0 0 2
2.0 0 3
3.0 0 4
4.0 0 5
5.0 0 6
6.0 0 7
7.0 0 8
8.0 0 9
9.0 1 1 2
10.0 1 2 3
11.0 1 1 4
12.0 1 2 5
13.0 1 3 6
14.0 1 4 7
15.0 1 5 8
16.0 1 6 9
17.0 1 4 5
18.0 1 5 6
19.0 1 7 8
20.0 1 8 9
21.0 1 3 1
22.0 1 6 4
23.0 1 9 7
24.0 1 7 1
25.0 1 8 2
26.0 1 9 3
27.0 1 2 4
28.0 1 5 3
29.0 1 7 5
30.0 1 8 6
31.0 1 1 8
32.0 1 2 9
33.0 1 6 1
34.0 1 9 4
35.0 1 3 7
36.0 2 1 2 4
37.0 2 2 4 5
38.0 2 2 5 3
39.0 2 5 3 6
40.0 2 4 5 7
41.0 2 5 7 8
42.0 2 5 6 8
43.0 2 8 6 9
44.0 2 7 8 1
45.0 2 1 2 8
46.0 2 8 9 2
47.0 2 2 9 3
48.0 2 3 1 6
49.0 2 6 1 4
50.0 2 6 9 4
51.0 2 4 9 7
52.0 2 9 7 3
53.0 2 3 1 7
