0.0 0 1
1.0 0 2
2.0 0 3
3.0 0 4
4.0 0 5
5.0 0 6
6.0 0 7
7.0 0 8
8.0 1 1 2
9.0 1 1 3
10.0 1 1 4
11.0 1 1 5
12.0 1 1 6
13.0 1 1 7
14.0 1 1 8
15.0 1 2 3
16.0 1 2 4
17.0 1 2 5
18.0 1 2 6
19.0 1 2 7
20.0 1 2 8
21.0 1 3 4
22.0 1 3 5
23.0 1 3 6
24.0 1 3 7
25.0 1 3 8
26.0 1 4 5
27.0 1 4 6
28.0 1 4 7
29.0 1 4 8
30.0 1 5 6
31.0 1 5 7
32.0 1 5 8
33.0 1 6 7
34.0 1 6 8
35.0 1 7 8
36.0 2 1 2 3
37.0 2 1 2 4
38.0 2 1 2 5
39.0 2 1 2 6
40.0 2 1 2 7
41.0 2 1 2 8
42.0 2 1 3 4
43.0 2 1 3 5
44.0 2 1 3 6
45.0 2 1 3 7
46.0 2 1 3 8
47.0 2 1 4 5
48.0 2 1 4 6
49.0 2 1 4 7
50.0 2 1 4 8
51.0 2 1 5 6
52.0 2 1 5 7
53.0 2 1 5 8
54.0 2 1 6 7
55.0 2 1 6 8
56.0 2 1 7 8
57.0 2 2 3 4
58.0 2 2 3 5
59.0 2 2 3 6
60.0 2 2 3 7
61.0 2 2 3 8
62.0 2 2 4 5
63.0 2 2 4 6
64.0 2 2 4 7
65.0 2 2 4 8
66.0 2 2 5 6
67.0 2 2 5 7
68.0 2 2 5 8
69.0 2 2 6 7
70.0 2 2 6 8
71.0 2 2 7 8
72.0 2 3 4 5
73.0 2 3 4 6
74.0 2 3 4 7
75.0 2 3 4 8
76.0 2 3 5 6
77.0 2 3 5 7
78.0 2 3 5 8
79.0 2 3 6 7
80.0 2 3 6 8
81.0 2 3 7 8
82.0 2 4 5 6
83.0 2 4 5 7
84.0 2 4 5 8
85.0 2 4 6 7
86.0 2 4 6 8
87.0 2 4 7 8
88.0 2 5 6 7
89.0 2 5 6 8
90.0 2 5 7 8
91.0 2 6 7 8
92.0 3 1 2 3 4
93.0 3 1 2 3 5
94.0 3 1 2 3 6
95.0 3 1 2 3 7
96.0 3 1 2 3 8
97.0 3 1 2 4 5
98.0 3 1 2 4 6
99.0 3 1 2 4 7
100.0 3 1 2 4 8
101.0 3 1 2 5 6
102.0 3 1 2 5 7
103.0 3 1 2 5 8
104.0 3 1 2 6 7
105.0 3 1 2 6 8
106.0 3 1 2 7 8
107.0 3 1 3 4 5
108.0 3 1 3 4 6
109.0 3 1 3 4 7
110.0 3 1 3 4 8
111.0 3 1 3 5 6
112.0 3 1 3 5 7
113.0 3 1 3 5 8
114.0 3 1 3 6 7
115.0 3 1 3 6 8
116.0 3 1 3 7 8
117.0 3 1 4 5 6
118.0 3 1 4 5 7
119.0 3 1 4 5 8
120.0 3 1 4 6 7
121.0 3 1 4 6 8
122.0 3 1 4 7 8
123.0 3 1 5 6 7
124.0 3 1 5 6 8
125.0 3 1 5 7 8
126.0 3 1 6 7 8
127.0 3 2 3 4 5
128.0 3 2 3 4 6
129.0 3 2 3 4 7
130.0 3 2 3 4 8
131.0 3 2 3 5 6
132.0 3 2 3 5 7
133.0 3 2 3 5 8
134.0 3 2 3 6 7
135.0 3 2 3 6 8
136.0 3 2 3 7 8
137.0 3 2 4 5 6
138.0 3 2 4 5 7
139.0 3 2 4 5 8
140.0 3 2 4 6 7
141.0 3 2 4 6 8
142.0 3 2 4 7 8
143.0 3 2 5 6 7
144.0 3 2 5 6 8
145.0 3 2 5 7 8
146.0 3 2 6 7 8
147.0 3 3 4 5 6
148.0 3 3 4 5 7
149.0 3 3 4 5 8
150.0 3 3 4 6 7
151.0 3 3 4 6 8
152.0 3 3 4 7 8
153.0 3 3 5 6 7
154.0 3 3 5 6 8
155.0 3 3 5 7 8
156.0 3 3 6 7 8
157.0 3 4 5 6 7
158.0 3 4 5 6 8
159.0 3 4 5 7 8
160.0 3 4 6 7 8
161.0 3 5 6 7 8
162.0 4 1 2 3 4 5
163.0 4 1 2 3 4 6
164.0 4 1 2 3 4 7
165.0 4 1 2 3 4 8
166.0 4 1 2 3 5 6
167.0 4 1 2 3 5 7
168.0 4 1 2 3 5 8
169.0 4 1 2 3 6 7
170.0 4 1 2 3 6 8
171.0 4 1 2 3 7 8
172.0 4 1 2 4 5 6
173.0 4 1 2 4 5 7
174.0 4 1 2 4 5 8
175.0 4 1 2 4 6 7
176.0 4 1 2 4 6 8
177.0 4 1 2 4 7 8
178.0 4 1 2 5 6 7
179.0 4 1 2 5 6 8
180.0 4 1 2 5 7 8
181.0 4 1 2 6 7 8
182.0 4 1 3 4 5 6
183.0 4 1 3 4 5 7
184.0 4 1 3 4 5 8
185.0 4 1 3 4 6 7
186.0 4 1 3 4 6 8
187.0 4 1 3 4 7 8
188.0 4 1 3 5 6 7
189.0 4 1 3 5 6 8
190.0 4 1 3 5 7 8
191.0 4 1 3 6 7 8
192.0 4 1 4 5 6 7
193.0 4 1 4 5 6 8
194.0 4 1 4 5 7 8
195.0 4 1 4 6 7 8
196.0 4 1 5 6 7 8
197.0 4 2 3 4 5 6
198.0 4 2 3 4 5 7
199.0 4 2 3 4 5 8
200.0 4 2 3 4 6 7
201.0 4 2 3 4 6 8
202.0 4 2 3 4 7 8
203.0 4 2 3 5 6 7
204.0 4 2 3 5 6 8
205.0 4 2 3 5 7 8
206.0 4 2 3 6 7 8
207.0 4 2 4 5 6 7
208.0 4 2 4 5 6 8
209.0 4 2 4 5 7 8
210.0 4 2 4 6 7 8
211.0 4 2 5 6 7 8
212.0 4 3 4 5 6 7
213.0 4 3 4 5 6 8
214.0 4 3 4 5 7 8
215.0 4 3 4 6 7 8
216.0 4 3 5 6 7 8
217.0 4 4 5 6 7 8
218.0 5 1 2 3 4 5 6
219.0 5 1 2 3 4 5 7
220.0 5 1 2 3 4 5 8
221.0 5 1 2 3 4 6 7
222.0 5 1 2 3 4 6 8
223.0 5 1 2 3 4 7 8
224.0 5 1 2 3 5 6 7
225.0 5 1 2 3 5 6 8
226.0 5 1 2 3 5 7 8
227.0 5 1 2 3 6 7 8
228.0 5 1 2 4 5 6 7
229.0 5 1 2 4 5 6 8
230.0 5 1 2 4 5 7 8
231.0 5 1 2 4 6 7 8
232.0 5 1 2 5 6 7 8
233.0 5 1 3 4 5 6 7
234.0 5 1 3 4 5 6 8
235.0 5 1 3 4 5 7 8
236.0 5 1 3 4 6 7 8
237.0 5 1 3 5 6 7 8
238.0 5 1 4 5 6 7 8
239.0 5 2 3 4 5 6 7
240.0 5 2 3 4 5 6 8
241.0 5 2 3 4 5 7 8
242.0 5 2 3 4 6 7 8
243.0 5 2 3 5 6 7 8
244.0 5 2 4 5 6 7 8
245.0 5 3 4 5 6 7 8
246.0 6 1 2 3 4 5 6 7
247.0 6 1 2 3 4 5 6 8
248.0 6 1 2 3 4 5 7 8
249.0 6 1 2 3 4 6 7 8
250.0 6 1 2 3 5 6 7 8
251.0 6 1 2 4 5 6 7 8
252.0 6 1 3 4 5 6 7 8
253.0 6 2 3 4 5 6 7 8
254.0 7 1 2 3 4 5 6 7 8
