0.0 0 1
1.0 0 2
2.0 0 3
3.0 0 4
4.0 0 5
5.0 0 6
6.0 0 7
7.0 0 8
8.0 0 9
9.0 1 1 2
10.0 1 1 3
11.0 1 1 4
12.0 1 1 5
13.0 1 1 6
14.0 1 1 7
15.0 1 1 8
16.0 1 1 9
17.0 1 2 3
18.0 1 2 4
19.0 1 2 5
20.0 1 2 6
21.0 1 2 7
22.0 1 2 8
23.0 1 2 9
24.0 1 3 4
25.0 1 3 5
26.0 1 3 6
27.0 1 3 7
28.0 1 3 8
29.0 1 3 9
30.0 1 4 5
31.0 1 4 6
32.0 1 4 7
33.0 1 4 8
34.0 1 4 9
35.0 1 5 6
36.0 1 5 7
37.0 1 5 8
38.0 1 5 9
39.0 1 6 7
40.0 1 6 8
41.0 1 6 9
42.0 1 7 8
43.0 1 7 9
44.0 1 8 9
45.0 2 1 2 3
46.0 2 1 2 4
47.0 2 1 2 5
48.0 2 1 2 6
49.0 2 1 2 7
50.0 2 1 2 8
51.0 2 1 2 9
52.0 2 1 3 4
53.0 2 1 3 5
54.0 2 1 3 6
55.0 2 1 3 7
56.0 2 1 3 8
57.0 2 1 3 9
58.0 2 1 4 5
59.0 2 1 4 6
60.0 2 1 4 7
61.0 2 1 4 8
62.0 2 1 4 9
63.0 2 1 5 6
64.0 2 1 5 7
65.0 2 1 5 8
66.0 2 1 5 9
67.0 2 1 6 7
68.0 2 1 6 8
69.0 2 1 6 9
70.0 2 1 7 8
71.0 2 1 7 9
72.0 2 1 8 9
73.0 2 2 3 4
74.0 2 2 3 5
75.0 2 2 3 6
76.0 2 2 3 7
77.0 2 2 3 8
78.0 2 2 3 9
79.0 2 2 4 5
80.0 2 2 4 6
81.0 2 2 4 7
82.0 2 2 4 8
83.0 2 2 4 9
84.0 2 2 5 6
85.0 2 2 5 7
86.0 2 2 5 8
87.0 2 2 5 9
88.0 2 2 6 7
89.0 2 2 6 8
90.0 2 2 6 9
91.0 2 2 7 8
92.0 2 2 7 9
93.0 2 2 8 9
94.0 2 3 4 5
95.0 2 3 4 6
96.0 2 3 4 7
97.0 2 3 4 8
98.0 2 3 4 9
99.0 2 3 5 6
100.0 2 3 5 7
101.0 2 3 5 8
102.0 2 3 5 9
103.0 2 3 6 7
104.0 2 3 6 8
105.0 2 3 6 9
106.0 2 3 7 8
107.0 2 3 7 9
108.0 2 3 8 9
109.0 2 4 5 6
110.0 2 4 5 7
111.0 2 4 5 8
112.0 2 4 5 9
113.0 2 4 6 7
114.0 2 4 6 8
115.0 2 4 6 9
116.0 2 4 7 8
117.0 2 4 7 9
118.0 2 4 8 9
119.0 2 5 6 7
120.0 2 5 6 8
121.0 2 5 6 9
122.0 2 5 7 8
123.0 2 5 7 9
124.0 2 5 8 9
125.0 2 6 7 8
126.0 2 6 7 9
127.0 2 6 8 9
128.0 2 7 8 9
129.0 3 1 2 3 4
130.0 3 1 2 3 5
131.0 3 1 2 3 6
132.0 3 1 2 3 7
133.0 3 1 2 3 8
134.0 3 1 2 3 9
135.0 3 1 2 4 5
136.0 3 1 2 4 6
137.0 3 1 2 4 7
138.0 3 1 2 4 8
139.0 3 1 2 4 9
140.0 3 1 2 5 6
141.0 3 1 2 5 7
142.0 3 1 2 5 8
143.0 3 1 2 5 9
144.0 3 1 2 6 7
145.0 3 1 2 6 8
146.0 3 1 2 6 9
147.0 3 1 2 7 8
148.0 3 1 2 7 9
149.0 3 1 2 8 9
150.0 3 1 3 4 5
151.0 3 1 3 4 6
152.0 3 1 3 4 7
153.0 3 1 3 4 8
154.0 3 1 3 4 9
155.0 3 1 3 5 6
156.0 3 1 3 5 7
157.0 3 1 3 5 8
158.0 3 1 3 5 9
159.0 3 1 3 6 7
160.0 3 1 3 6 8
161.0 3 1 3 6 9
162.0 3 1 3 7 8
163.0 3 1 3 7 9
164.0 3 1 3 8 9
165.0 3 1 4 5 6
166.0 3 1 4 5 7
167.0 3 1 4 5 8
168.0 3 1 4 5 9
169.0 3 1 4 6 7
170.0 3 1 4 6 8
171.0 3 1 4 6 9
172.0 3 1 4 7 8
173.0 3 1 4 7 9
174.0 3 1 4 8 9
175.0 3 1 5 6 7
176.0 3 1 5 6 8
177.0 3 1 5 6 9
178.0 3 1 5 7 8
179.0 3 1 5 7 9
180.0 3 1 5 8 9
181.0 3 1 6 7 8
182.0 3 1 6 7 9
183.0 3 1 6 8 9
184.0 3 1 7 8 9
185.0 3 2 3 4 5
186.0 3 2 3 4 6
187.0 3 2 3 4 7
188.0 3 2 3 4 8
189.0 3 2 3 4 9
190.0 3 2 3 5 6
191.0 3 2 3 5 7
192.0 3 2 3 5 8
193.0 3 2 3 5 9
194.0 3 2 3 6 7
195.0 3 2 3 6 8
196.0 3 2 3 6 9
197.0 3 2 3 7 8
198.0 3 2 3 7 9
199.0 3 2 3 8 9
200.0 3 2 4 5 6
201.0 3 2 4 5 7
202.0 3 2 4 5 8
203.0 3 2 4 5 9
204.0 3 2 4 6 7
205.0 3 2 4 6 8
206.0 3 2 4 6 9
207.0 3 2 4 7 8
208.0 3 2 4 7 9
209.0 3 2 4 8 9
210.0 3 2 5 6 7
211.0 3 2 5 6 8
212.0 3 2 5 6 9
213.0 3 2 5 7 8
214.0 3 2 5 7 9
215.0 3 2 5 8 9
216.0 3 2 6 7 8
217.0 3 2 6 7 9
218.0 3 2 6 8 9
219.0 3 2 7 8 9
220.0 3 3 4 5 6
221.0 3 3 4 5 7
222.0 3 3 4 5 8
223.0 3 3 4 5 9
224.0 3 3 4 6 7
225.0 3 3 4 6 8
226.0 3 3 4 6 9
227.0 3 3 4 7 8
228.0 3 3 4 7 9
229.0 3 3 4 8 9
230.0 3 3 5 6 7
231.0 3 3 5 6 8
232.0 3 3 5 6 9
233.0 3 3 5 7 8
234.0 3 3 5 7 9
235.0 3 3 5 8 9
236.0 3 3 6 7 8
237.0 3 3 6 7 9
238.0 3 3 6 8 9
239.0 3 3 7 8 9
240.0 3 4 5 6 7
241.0 3 4 5 6 8
242.0 3 4 5 6 9
243.0 3 4 5 7 8
244.0 3 4 5 7 9
245.0 3 4 5 8 9
246.0 3 4 6 7 8
247.0 3 4 6 7 9
248.0 3 4 6 8 9
249.0 3 4 7 8 9
250.0 3 5 6 7 8
251.0 3 5 6 7 9
252.0 3 5 6 8 9
253.0 3 5 7 8 9
254.0 3 6 7 8 9
255.0 4 1 2 3 4 5
256.0 4 1 2 3 4 6
257.0 4 1 2 3 4 7
258.0 4 1 2 3 4 8
259.0 4 1 2 3 4 9
260.0 4 1 2 3 5 6
261.0 4 1 2 3 5 7
262.0 4 1 2 3 5 8
263.0 4 1 2 3 5 9
264.0 4 1 2 3 6 7
265.0 4 1 2 3 6 8
266.0 4 1 2 3 6 9
267.0 4 1 2 3 7 8
268.0 4 1 2 3 7 9
269.0 4 1 2 3 8 9
270.0 4 1 2 4 5 6
271.0 4 1 2 4 5 7
272.0 4 1 2 4 5 8
273.0 4 1 2 4 5 9
274.0 4 1 2 4 6 7
275.0 4 1 2 4 6 8
276.0 4 1 2 4 6 9
277.0 4 1 2 4 7 8
278.0 4 1 2 4 7 9
279.0 4 1 2 4 8 9
280.0 4 1 2 5 6 7
281.0 4 1 2 5 6 8
282.0 4 1 2 5 6 9
283.0 4 1 2 5 7 8
284.0 4 1 2 5 7 9
285.0 4 1 2 5 8 9
286.0 4 1 2 6 7 8
287.0 4 1 2 6 7 9
288.0 4 1 2 6 8 9
289.0 4 1 2 7 8 9
290.0 4 1 3 4 5 6
291.0 4 1 3 4 5 7
292.0 4 1 3 4 5 8
293.0 4 1 3 4 5 9
294.0 4 1 3 4 6 7
295.0 4 1 3 4 6 8
296.0 4 1 3 4 6 9
297.0 4 1 3 4 7 8
298.0 4 1 3 4 7 9
299.0 4 1 3 4 8 9
300.0 4 1 3 5 6 7
301.0 4 1 3 5 6 8
302.0 4 1 3 5 6 9
303.0 4 1 3 5 7 8
304.0 4 1 3 5 7 9
305.0 4 1 3 5 8 9
306.0 4 1 3 6 7 8
307.0 4 1 3 6 7 9
308.0 4 1 3 6 8 9
309.0 4 1 3 7 8 9
310.0 4 1 4 5 6 7
311.0 4 1 4 5 6 8
312.0 4 1 4 5 6 9
313.0 4 1 4 5 7 8
314.0 4 1 4 5 7 9
315.0 4 1 4 5 8 9
316.0 4 1 4 6 7 8
317.0 4 1 4 6 7 9
318.0 4 1 4 6 8 9
319.0 4 1 4 7 8 9
320.0 4 1 5 6 7 8
321.0 4 1 5 6 7 9
322.0 4 1 5 6 8 9
323.0 4 1 5 7 8 9
324.0 4 1 6 7 8 9
325.0 4 2 3 4 5 6
326.0 4 2 3 4 5 7
327.0 4 2 3 4 5 8
328.0 4 2 3 4 5 9
329.0 4 2 3 4 6 7
330.0 4 2 3 4 6 8
331.0 4 2 3 4 6 9
332.0 4 2 3 4 7 8
333.0 4 2 3 4 7 9
334.0 4 2 3 4 8 9
335.0 4 2 3 5 6 7
336.0 4 2 3 5 6 8
337.0 4 2 3 5 6 9
338.0 4 2 3 5 7 8
339.0 4 2 3 5 7 9
340.0 4 2 3 5 8 9
341.0 4 2 3 6 7 8
342.0 4 2 3 6 7 9
343.0 4 2 3 6 8 9
344.0 4 2 3 7 8 9
345.0 4 2 4 5 6 7
346.0 4 2 4 5 6 8
347.0 4 2 4 5 6 9
348.0 4 2 4 5 7 8
349.0 4 2 4 5 7 9
350.0 4 2 4 5 8 9
351.0 4 2 4 6 7 8
352.0 4 2 4 6 7 9
353.0 4 2 4 6 8 9
354.0 4 2 4 7 8 9
355.0 4 2 5 6 7 8
356.0 4 2 5 6 7 9
357.0 4 2 5 6 8 9
358.0 4 2 5 7 8 9
359.0 4 2 6 7 8 9
360.0 4 3 4 5 6 7
361.0 4 3 4 5 6 8
362.0 4 3 4 5 6 9
363.0 4 3 4 5 7 8
364.0 4 3 4 5 7 9
365.0 4 3 4 5 8 9
366.0 4 3 4 6 7 8
367.0 4 3 4 6 7 9
368.0 4 3 4 6 8 9
369.0 4 3 4 7 8 9
370.0 4 3 5 6 7 8
371.0 4 3 5 6 7 9
372.0 4 3 5 6 8 9
373.0 4 3 5 7 8 9
374.0 4 3 6 7 8 9
375.0 4 4 5 6 7 8
376.0 4 4 5 6 7 9
377.0 4 4 5 6 8 9
378.0 4 4 5 7 8 9
379.0 4 4 6 7 8 9
380.0 4 5 6 7 8 9
381.0 5 1 2 3 4 5 6
382.0 5 1 2 3 4 5 7
383.0 5 1 2 3 4 5 8
384.0 5 1 2 3 4 5 9
385.0 5 1 2 3 4 6 7
386.0 5 1 2 3 4 6 8
387.0 5 1 2 3 4 6 9
388.0 5 1 2 3 4 7 8
389.0 5 1 2 3 4 7 9
390.0 5 1 2 3 4 8 9
391.0 5 1 2 3 5 6 7
392.0 5 1 2 3 5 6 8
393.0 5 1 2 3 5 6 9
394.0 5 1 2 3 5 7 8
395.0 5 1 2 3 5 7 9
396.0 5 1 2 3 5 8 9
397.0 5 1 2 3 6 7 8
398.0 5 1 2 3 6 7 9
399.0 5 1 2 3 6 8 9
400.0 5 1 2 3 7 8 9
401.0 5 1 2 4 5 6 7
402.0 5 1 2 4 5 6 8
403.0 5 1 2 4 5 6 9
404.0 5 1 2 4 5 7 8
405.0 5 1 2 4 5 7 9
406.0 5 1 2 4 5 8 9
407.0 5 1 2 4 6 7 8
408.0 5 1 2 4 6 7 9
409.0 5 1 2 4 6 8 9
410.0 5 1 2 4 7 8 9
411.0 5 1 2 5 6 7 8
412.0 5 1 2 5 6 7 9
413.0 5 1 2 5 6 8 9
414.0 5 1 2 5 7 8 9
415.0 5 1 2 6 7 8 9
416.0 5 1 3 4 5 6 7
417.0 5 1 3 4 5 6 8
418.0 5 1 3 4 5 6 9
419.0 5 1 3 4 5 7 8
420.0 5 1 3 4 5 7 9
421.0 5 1 3 4 5 8 9
422.0 5 1 3 4 6 7 8
423.0 5 1 3 4 6 7 9
424.0 5 1 3 4 6 8 9
425.0 5 1 3 4 7 8 9
426.0 5 1 3 5 6 7 8
427.0 5 1 3 5 6 7 9
428.0 5 1 3 5 6 8 9
429.0 5 1 3 5 7 8 9
430.0 5 1 3 6 7 8 9
431.0 5 1 4 5 6 7 8
432.0 5 1 4 5 6 7 9
433.0 5 1 4 5 6 8 9
434.0 5 1 4 5 7 8 9
435.0 5 1 4 6 7 8 9
436.0 5 1 5 6 7 8 9
437.0 5 2 3 4 5 6 7
438.0 5 2 3 4 5 6 8
439.0 5 2 3 4 5 6 9
440.0 5 2 3 4 5 7 8
441.0 5 2 3 4 5 7 9
442.0 5 2 3 4 5 8 9
443.0 5 2 3 4 6 7 8
444.0 5 2 3 4 6 7 9
445.0 5 2 3 4 6 8 9
446.0 5 2 3 4 7 8 9
447.0 5 2 3 5 6 7 8
448.0 5 2 3 5 6 7 9
449.0 5 2 3 5 6 8 9
450.0 5 2 3 5 7 8 9
451.0 5 2 3 6 7 8 9
452.0 5 2 4 5 6 7 8
453.0 5 2 4 5 6 7 9
454.0 5 2 4 5 6 8 9
455.0 5 2 4 5 7 8 9
456.0 5 2 4 6 7 8 9
457.0 5 2 5 6 7 8 9
458.0 5 3 4 5 6 7 8
459.0 5 3 4 5 6 7 9
460.0 5 3 4 5 6 8 9
461.0 5 3 4 5 7 8 9
462.0 5 3 4 6 7 8 9
463.0 5 3 5 6 7 8 9
464.0 5 4 5 6 7 8 9
465.0 6 1 2 3 4 5 6 7
466.0 6 1 2 3 4 5 6 8
467.0 6 1 2 3 4 5 6 9
468.0 6 1 2 3 4 5 7 8
469.0 6 1 2 3 4 5 7 9
470.0 6 1 2 3 4 5 8 9
471.0 6 1 2 3 4 6 7 8
472.0 6 1 2 3 4 6 7 9
473.0 6 1 2 3 4 6 8 9
474.0 6 1 2 3 4 7 8 9
475.0 6 1 2 3 5 6 7 8
476.0 6 1 2 3 5 6 7 9
477.0 6 1 2 3 5 6 8 9
478.0 6 1 2 3 5 7 8 9
479.0 6 1 2 3 6 7 8 9
480.0 6 1 2 4 5 6 7 8
481.0 6 1 2 4 5 6 7 9
482.0 6 1 2 4 5 6 8 9
483.0 6 1 2 4 5 7 8 9
484.0 6 1 2 4 6 7 8 9
485.0 6 1 2 5 6 7 8 9
486.0 6 1 3 4 5 6 7 8
487.0 6 1 3 4 5 6 7 9
488.0 6 1 3 4 5 6 8 9
489.0 6 1 3 4 5 7 8 9
490.0 6 1 3 4 6 7 8 9
491.0 6 1 3 5 6 7 8 9
492.0 6 1 4 5 6 7 8 9
493.0 6 2 3 4 5 6 7 8
494.0 6 2 3 4 5 6 7 9
495.0 6 2 3 4 5 6 8 9
496.0 6 2 3 4 5 7 8 9
497.0 6 2 3 4 6 7 8 9
498.0 6 2 3 5 6 7 8 9
499.0 6 2 4 5 6 7 8 9
500.0 6 3 4 5 6 7 8 9
501.0 7 1 2 3 4 5 6 7 8
502.0 7 1 2 3 4 5 6 7 9
503.0 7 1 2 3 4 5 6 8 9
504.0 7 1 2 3 4 5 7 8 9
505.0 7 1 2 3 4 6 7 8 9
506.0 7 1 2 3 5 6 7 8 9
507.0 7 1 2 4 5 6 7 8 9
508.0 7 1 3 4 5 6 7 8 9
509.0 7 2 3 4 5 6 7 8 9
510.0 8 1 2 3 4 5 6 7 8 9
