0 0.0 inf
0 1.0 7.0
0 2.0 8.0
0 3.0 9.0
0 4.0 10.0
0 5.0 11.0
0 6.0 12.0
1 13.0 28.0
1 14.0 29.0
1 15.0 30.0
1 16.0 31.0
1 17.0 32.0
1 18.0 33.0
1 19.0 34.0
1 20.0 35.0
1 21.0 36.0
1 22.0 37.0
1 23.0 38.0
1 24.0 39.0
1 25.0 40.0
1 26.0 41.0
1 27.0 42.0
2 43.0 63.0
2 44.0 64.0
2 45.0 65.0
2 46.0 66.0
2 47.0 67.0
2 48.0 68.0
2 49.0 69.0
2 50.0 70.0
2 51.0 71.0
2 52.0 72.0
2 53.0 73.0
2 54.0 74.0
2 55.0 75.0
2 56.0 76.0
2 57.0 77.0
2 58.0 78.0
2 59.0 79.0
2 60.0 80.0
2 61.0 81.0
2 62.0 82.0
3 83.0 98.0
3 84.0 99.0
3 85.0 100.0
3 86.0 101.0
3 87.0 102.0
3 88.0 103.0
3 89.0 104.0
3 90.0 105.0
3 91.0 106.0
3 92.0 107.0
3 93.0 108.0
3 94.0 109.0
3 95.0 110.0
3 96.0 111.0
3 97.0 112.0
4 113.0 119.0
4 114.0 120.0
4 115.0 121.0
4 116.0 122.0
4 117.0 123.0
4 118.0 124.0
5 125.0 126.0