0 0.0 inf
0 1.0 8.0
0 2.0 9.0
0 3.0 10.0
0 4.0 11.0
0 5.0 12.0
0 6.0 13.0
0 7.0 14.0
1 15.0 36.0
1 16.0 37.0
1 17.0 38.0
1 18.0 39.0
1 19.0 40.0
1 20.0 41.0
1 21.0 42.0
1 22.0 43.0
1 23.0 44.0
1 24.0 45.0
1 25.0 46.0
1 26.0 47.0
1 27.0 48.0
1 28.0 49.0
1 29.0 50.0
1 30.0 51.0
1 31.0 52.0
1 32.0 53.0
1 33.0 54.0
1 34.0 55.0
1 35.0 56.0
2 57.0 92.0
2 58.0 93.0
2 59.0 94.0
2 60.0 95.0
2 61.0 96.0
2 62.0 97.0
2 63.0 98.0
2 64.0 99.0
2 65.0 100.0
2 66.0 101.0
2 67.0 102.0
2 68.0 103.0
2 69.0 104.0
2 70.0 105.0
2 71.0 106.0
2 72.0 107.0
2 73.0 108.0
2 74.0 109.0
2 75.0 110.0
2 76.0 111.0
2 77.0 112.0
2 78.0 113.0
2 79.0 114.0
2 80.0 115.0
2 81.0 116.0
2 82.0 117.0
2 83.0 118.0
2 84.0 119.0
2 85.0 120.0
2 86.0 121.0
2 87.0 122.0
2 88.0 123.0
2 89.0 124.0
2 90.0 125.0
2 91.0 126.0
3 127.0 162.0
3 128.0 163.0
3 129.0 164.0
3 130.0 165.0
3 131.0 166.0
3 132.0 167.0
3 133.0 168.0
3 134.0 169.0
3 135.0 170.0
3 136.0 171.0
3 137.0 172.0
3 138.0 173.0
3 139.0 174.0
3 140.0 175.0
3 141.0 176.0
3 142.0 177.0
3 143.0 178.0
3 144.0 179.0
3 145.0 180.0
3 146.0 181.0
3 147.0 182.0
3 148.0 183.0
3 149.0 184.0
3 150.0 185.0
3 151.0 186.0
3 152.0 187.0
3 153.0 188.0
3 154.0 189.0
3 155.0 190.0
3 156.0 191.0
3 157.0 192.0
3 158.0 193.0
3 159.0 194.0
3 160.0 195.0
3 161.0 196.0
4 197.0 218.0
4 198.0 219.0
4 199.0 220.0
4 200.0 221.0
4 201.0 222.0
4 202.0 223.0
4 203.0 224.0
4 204.0 225.0
4 205.0 226.0
4 206.0 227.0
4 207.0 228.0
4 208.0 229.0
4 209.0 230.0
4 210.0 231.0
4 211.0 232.0
4 212.0 233.0
4 213.0 234.0
4 214.0 235.0
4 215.0 236.0
4 216.0 237.0
4 217.0 238.0
5 239.0 246.0
5 240.0 247.0
5 241.0 248.0
5 242.0 249.0
5 243.0 250.0
5 244.0 251.0
5 245.0 252.0
6 253.0 254.0