0 0.0 inf
0 1.0 9.0
0 2.0 10.0
0 3.0 11.0
0 4.0 12.0
0 5.0 13.0
0 6.0 14.0
0 7.0 15.0
0 8.0 16.0
1 17.0 45.0
1 18.0 46.0
1 19.0 47.0
1 20.0 48.0
1 21.0 49.0
1 22.0 50.0
1 23.0 51.0
1 24.0 52.0
1 25.0 53.0
1 26.0 54.0
1 27.0 55.0
1 28.0 56.0
1 29.0 57.0
1 30.0 58.0
1 31.0 59.0
1 32.0 60.0
1 33.0 61.0
1 34.0 62.0
1 35.0 63.0
1 36.0 64.0
1 37.0 65.0
1 38.0 66.0
1 39.0 67.0
1 40.0 68.0
1 41.0 69.0
1 42.0 70.0
1 43.0 71.0
1 44.0 72.0
2 73.0 129.0
2 74.0 130.0
2 75.0 131.0
2 76.0 132.0
2 77.0 133.0
2 78.0 134.0
2 79.0 135.0
2 80.0 136.0
2 81.0 137.0
2 82.0 138.0
2 83.0 139.0
2 84.0 140.0
2 85.0 141.0
2 86.0 142.0
2 87.0 143.0
2 88.0 144.0
2 89.0 145.0
2 90.0 146.0
2 91.0 147.0
2 92.0 148.0
2 93.0 149.0
2 94.0 150.0
2 95.0 151.0
2 96.0 152.0
2 97.0 153.0
2 98.0 154.0
2 99.0 155.0
2 100.0 156.0
2 101.0 157.0
2 102.0 158.0
2 103.0 159.0
2 104.0 160.0
2 105.0 161.0
2 106.0 162.0
2 107.0 163.0
2 108.0 164.0
2 109.0 165.0
2 110.0 166.0
2 111.0 167.0
2 112.0 168.0
2 113.0 169.0
2 114.0 170.0
2 115.0 171.0
2 116.0 172.0
2 117.0 173.0
2 118.0 174.0
2 119.0 175.0
2 120.0 176.0
2 121.0 177.0
2 122.0 178.0
2 123.0 179.0
2 124.0 180.0
2 125.0 181.0
2 126.0 182.0
2 127.0 183.0
2 128.0 184.0
3 185.0 255.0
3 186.0 256.0
3 187.0 257.0
3 188.0 258.0
3 189.0 259.0
3 190.0 260.0
3 191.0 261.0
3 192.0 262.0
3 193.0 263.0
3 194.0 264.0
3 195.0 265.0
3 196.0 266.0
3 197.0 267.0
3 198.0 268.0
3 199.0 269.0
3 200.0 270.0
3 201.0 271.0
3 202.0 272.0
3 203.0 273.0
3 204.0 274.0
3 205.0 275.0
3 206.0 276.0
3 207.0 277.0
3 208.0 278.0
3 209.0 279.0
3 210.0 280.0
3 211.0 281.0
3 212.0 282.0
3 213.0 283.0
3 214.0 284.0
3 215.0 285.0
3 216.0 286.0
3 217.0 287.0
3 218.0 288.0
3 219.0 289.0
3 220.0 290.0
3 221.0 291.0
3 222.0 292.0
3 223.0 293.0
3 224.0 294.0
3 225.0 295.0
3 226.0 296.0
3 227.0 297.0
3 228.0 298.0
3 229.0 299.0
3 230.0 300.0
3 231.0 301.0
3 232.0 302.0
3 233.0 303.0
3 234.0 304.0
3 235.0 305.0
3 236.0 306.0
3 237.0 307.0
3 238.0 308.0
3 239.0 309.0
3 240.0 310.0
3 241.0 311.0
3 242.0 312.0
3 243.0 313.0
3 244.0 314.0
3 245.0 315.0
3 246.0 316.0
3 247.0 317.0
3 248.0 318.0
3 249.0 319.0
3 250.0 320.0
3 251.0 321.0
3 252.0 322.0
3 253.0 323.0
3 254.0 324.0
4 325.0 381.0
4 326.0 382.0
4 327.0 383.0
4 328.0 384.0
4 329.0 385.0
4 330.0 386.0
4 331.0 387.0
4 332.0 388.0
4 333.0 389.0
4 334.0 390.0
4 335.0 391.0
4 336.0 392.0
4 337.0 393.0
4 338.0 394.0
4 339.0 395.0
4 340.0 396.0
4 341.0 397.0
4 342.0 398.0
4 343.0 399.0
4 344.0 400.0
4 345.0 401.0
4 346.0 402.0
4 347.0 403.0
4 348.0 404.0
4 349.0 405.0
4 350.0 406.0
4 351.0 407.0
4 352.0 408.0
4 353.0 409.0
4 354.0 410.0
4 355.0 411.0
4 356.0 412.0
4 357.0 413.0
4 358.0 414.0
4 359.0 415.0
4 360.0 416.0
4 361.0 417.0
4 362.0 418.0
4 363.0 419.0
4 364.0 420.0
4 365.0 421.0
4 366.0 422.0
4 367.0 423.0
4 368.0 424.0
4 369.0 425.0
4 370.0 426.0
4 371.0 427.0
4 372.0 428.0
4 373.0 429.0
4 374.0 430.0
4 375.0 431.0
4 376.0 432.0
4 377.0 433.0
4 378.0 434.0
4 379.0 435.0
4 380.0 436.0
5 437.0 465.0
5 438.0 466.0
5 439.0 467.0
5 440.0 468.0
5 441.0 469.0
5 442.0 470.0
5 443.0 471.0
5 444.0 472.0
5 445.0 473.0
5 446.0 474.0
5 447.0 475.0
5 448.0 476.0
5 449.0 477.0
5 450.0 478.0
5 451.0 479.0
5 452.0 480.0
5 453.0 481.0
5 454.0 482.0
5 455.0 483.0
5 456.0 484.0
5 457.0 485.0
5 458.0 486.0
5 459.0 487.0
5 460.0 488.0
5 461.0 489.0
5 462.0 490.0
5 463.0 491.0
5 464.0 492.0
6 493.0 501.0
6 494.0 502.0
6 495.0 503.0
6 496.0 504.0
6 497.0 505.0
6 498.0 506.0
6 499.0 507.0
6 500.0 508.0
7 509.0 510.0