0 0.0 inf
0 1.0 10.0
0 2.0 11.0
0 3.0 12.0
0 4.0 13.0
0 5.0 14.0
0 6.0 15.0
0 7.0 16.0
0 8.0 17.0
0 9.0 18.0
1 19.0 55.0
1 20.0 56.0
1 21.0 57.0
1 22.0 58.0
1 23.0 59.0
1 24.0 60.0
1 25.0 61.0
1 26.0 62.0
1 27.0 63.0
1 28.0 64.0
1 29.0 65.0
1 30.0 66.0
1 31.0 67.0
1 32.0 68.0
1 33.0 69.0
1 34.0 70.0
1 35.0 71.0
1 36.0 72.0
1 37.0 73.0
1 38.0 74.0
1 39.0 75.0
1 40.0 76.0
1 41.0 77.0
1 42.0 78.0
1 43.0 79.0
1 44.0 80.0
1 45.0 81.0
1 46.0 82.0
1 47.0 83.0
1 48.0 84.0
1 49.0 85.0
1 50.0 86.0
1 51.0 87.0
1 52.0 88.0
1 53.0 89.0
1 54.0 90.0
2 91.0 175.0
2 92.0 176.0
2 93.0 177.0
2 94.0 178.0
2 95.0 179.0
2 96.0 180.0
2 97.0 181.0
2 98.0 182.0
2 99.0 183.0
2 100.0 184.0
2 101.0 185.0
2 102.0 186.0
2 103.0 187.0
2 104.0 188.0
2 105.0 189.0
2 106.0 190.0
2 107.0 191.0
2 108.0 192.0
2 109.0 193.0
2 110.0 194.0
2 111.0 195.0
2 112.0 196.0
2 113.0 197.0
2 114.0 198.0
2 115.0 199.0
2 116.0 200.0
2 117.0 201.0
2 118.0 202.0
2 119.0 203.0
2 120.0 204.0
2 121.0 205.0
2 122.0 206.0
2 123.0 207.0
2 124.0 208.0
2 125.0 209.0
2 126.0 210.0
2 127.0 211.0
2 128.0 212.0
2 129.0 213.0
2 130.0 214.0
2 131.0 215.0
2 132.0 216.0
2 133.0 217.0
2 134.0 218.0
2 135.0 219.0
2 136.0 220.0
2 137.0 221.0
2 138.0 222.0
2 139.0 223.0
2 140.0 224.0
2 141.0 225.0
2 142.0 226.0
2 143.0 227.0
2 144.0 228.0
2 145.0 229.0
2 146.0 230.0
2 147.0 231.0
2 148.0 232.0
2 149.0 233.0
2 150.0 234.0
2 151.0 235.0
2 152.0 236.0
2 153.0 237.0
2 154.0 238.0
2 155.0 239.0
2 156.0 240.0
2 157.0 241.0
2 158.0 242.0
2 159.0 243.0
2 160.0 244.0
2 161.0 245.0
2 162.0 246.0
2 163.0 247.0
2 164.0 248.0
2 165.0 249.0
2 166.0 250.0
2 167.0 251.0
2 168.0 252.0
2 169.0 253.0
2 170.0 254.0
2 171.0 255.0
2 172.0 256.0
2 173.0 257.0
2 174.0 258.0
3 259.0 385.0
3 260.0 386.0
3 261.0 387.0
3 262.0 388.0
3 263.0 389.0
3 264.0 390.0
3 265.0 391.0
3 266.0 392.0
3 267.0 393.0
3 268.0 394.0
3 269.0 395.0
3 270.0 396.0
3 271.0 397.0
3 272.0 398.0
3 273.0 399.0
3 274.0 400.0
3 275.0 401.0
3 276.0 402.0
3 277.0 403.0
3 278.0 404.0
3 279.0 405.0
3 280.0 406.0
3 281.0 407.0
3 282.0 408.0
3 283.0 409.0
3 284.0 410.0
3 285.0 411.0
3 286.0 412.0
3 287.0 413.0
3 288.0 414.0
3 289.0 415.0
3 290.0 416.0
3 291.0 417.0
3 292.0 418.0
3 293.0 419.0
3 294.0 420.0
3 295.0 421.0
3 296.0 422.0
3 297.0 423.0
3 298.0 424.0
3 299.0 425.0
3 300.0 426.0
3 301.0 427.0
3 302.0 428.0
3 303.0 429.0
3 304.0 430.0
3 305.0 431.0
3 306.0 432.0
3 307.0 433.0
3 308.0 434.0
3 309.0 435.0
3 310.0 436.0
3 311.0 437.0
3 312.0 438.0
3 313.0 439.0
3 314.0 440.0
3 315.0 441.0
3 316.0 442.0
3 317.0 443.0
3 318.0 444.0
3 319.0 445.0
3 320.0 446.0
3 321.0 447.0
3 322.0 448.0
3 323.0 449.0
3 324.0 450.0
3 325.0 451.0
3 326.0 452.0
3 327.0 453.0
3 328.0 454.0
3 329.0 455.0
3 330.0 456.0
3 331.0 457.0
3 332.0 458.0
3 333.0 459.0
3 334.0 460.0
3 335.0 461.0
3 336.0 462.0
3 337.0 463.0
3 338.0 464.0
3 339.0 465.0
3 340.0 466.0
3 341.0 467.0
3 342.0 468.0
3 343.0 469.0
3 344.0 470.0
3 345.0 471.0
3 346.0 472.0
3 347.0 473.0
3 348.0 474.0
3 349.0 475.0
3 350.0 476.0
3 351.0 477.0
3 352.0 478.0
3 353.0 479.0
3 354.0 480.0
3 355.0 481.0
3 356.0 482.0
3 357.0 483.0
3 358.0 484.0
3 359.0 485.0
3 360.0 486.0
3 361.0 487.0
3 362.0 488.0
3 363.0 489.0
3 364.0 490.0
3 365.0 491.0
3 366.0 492.0
3 367.0 493.0
3 368.0 494.0
3 369.0 495.0
3 370.0 496.0
3 371.0 497.0
3 372.0 498.0
3 373.0 499.0
3 374.0 500.0
3 375.0 501.0
3 376.0 502.0
3 377.0 503.0
3 378.0 504.0
3 379.0 505.0
3 380.0 506.0
3 381.0 507.0
3 382.0 508.0
3 383.0 509.0
3 384.0 510.0
4 511.0 637.0
4 512.0 638.0
4 513.0 639.0
4 514.0 640.0
4 515.0 641.0
4 516.0 642.0
4 517.0 643.0
4 518.0 644.0
4 519.0 645.0
4 520.0 646.0
4 521.0 647.0
4 522.0 648.0
4 523.0 649.0
4 524.0 650.0
4 525.0 651.0
4 526.0 652.0
4 527.0 653.0
4 528.0 654.0
4 529.0 655.0
4 530.0 656.0
4 531.0 657.0
4 532.0 658.0
4 533.0 659.0
4 534.0 660.0
4 535.0 661.0
4 536.0 662.0
4 537.0 663.0
4 538.0 664.0
4 539.0 665.0
4 540.0 666.0
4 541.0 667.0
4 542.0 668.0
4 543.0 669.0
4 544.0 670.0
4 545.0 671.0
4 546.0 672.0
4 547.0 673.0
4 548.0 674.0
4 549.0 675.0
4 550.0 676.0
4 551.0 677.0
4 552.0 678.0
4 553.0 679.0
4 554.0 680.0
4 555.0 681.0
4 556.0 682.0
4 557.0 683.0
4 558.0 684.0
4 559.0 685.0
4 560.0 686.0
4 561.0 687.0
4 562.0 688.0
4 563.0 689.0
4 564.0 690.0
4 565.0 691.0
4 566.0 692.0
4 567.0 693.0
4 568.0 694.0
4 569.0 695.0
4 570.0 696.0
4 571.0 697.0
4 572.0 698.0
4 573.0 699.0
4 574.0 700.0
4 575.0 701.0
4 576.0 702.0
4 577.0 703.0
4 578.0 704.0
4 579.0 705.0
4 580.0 706.0
4 581.0 707.0
4 582.0 708.0
4 583.0 709.0
4 584.0 710.0
4 585.0 711.0
4 586.0 712.0
4 587.0 713.0
4 588.0 714.0
4 589.0 715.0
4 590.0 716.0
4 591.0 717.0
4 592.0 718.0
4 593.0 719.0
4 594.0 720.0
4 595.0 721.0
4 596.0 722.0
4 597.0 723.0
4 598.0 724.0
4 599.0 725.0
4 600.0 726.0
4 601.0 727.0
4 602.0 728.0
4 603.0 729.0
4 604.0 730.0
4 605.0 731.0
4 606.0 732.0
4 607.0 733.0
4 608.0 734.0
4 609.0 735.0
4 610.0 736.0
4 611.0 737.0
4 612.0 738.0
4 613.0 739.0
4 614.0 740.0
4 615.0 741.0
4 616.0 742.0
4 617.0 743.0
4 618.0 744.0
4 619.0 745.0
4 620.0 746.0
4 621.0 747.0
4 622.0 748.0
4 623.0 749.0
4 624.0 750.0
4 625.0 751.0
4 626.0 752.0
4 627.0 753.0
4 628.0 754.0
4 629.0 755.0
4 630.0 756.0
4 631.0 757.0
4 632.0 758.0
4 633.0 759.0
4 634.0 760.0
4 635.0 761.0
4 636.0 762.0
5 763.0 847.0
5 764.0 848.0
5 765.0 849.0
5 766.0 850.0
5 767.0 851.0
5 768.0 852.0
5 769.0 853.0
5 770.0 854.0
5 771.0 855.0
5 772.0 856.0
5 773.0 857.0
5 774.0 858.0
5 775.0 859.0
5 776.0 860.0
5 777.0 861.0
5 778.0 862.0
5 779.0 863.0
5 780.0 864.0
5 781.0 865.0
5 782.0 866.0
5 783.0 867.0
5 784.0 868.0
5 785.0 869.0
5 786.0 870.0
5 787.0 871.0
5 788.0 872.0
5 789.0 873.0
5 790.0 874.0
5 791.0 875.0
5 792.0 876.0
5 793.0 877.0
5 794.0 878.0
5 795.0 879.0
5 796.0 880.0
5 797.0 881.0
5 798.0 882.0
5 799.0 883.0
5 800.0 884.0
5 801.0 885.0
5 802.0 886.0
5 803.0 887.0
5 804.0 888.0
5 805.0 889.0
5 806.0 890.0
5 807.0 891.0
5 808.0 892.0
5 809.0 893.0
5 810.0 894.0
5 811.0 895.0
5 812.0 896.0
5 813.0 897.0
5 814.0 898.0
5 815.0 899.0
5 816.0 900.0
5 817.0 901.0
5 818.0 902.0
5 819.0 903.0
5 820.0 904.0
5 821.0 905.0
5 822.0 906.0
5 823.0 907.0
5 824.0 908.0
5 825.0 909.0
5 826.0 910.0
5 827.0 911.0
5 828.0 912.0
5 829.0 913.0
5 830.0 914.0
5 831.0 915.0
5 832.0 916.0
5 833.0 917.0
5 834.0 918.0
5 835.0 919.0
5 836.0 920.0
5 837.0 921.0
5 838.0 922.0
5 839.0 923.0
5 840.0 924.0
5 841.0 925.0
5 842.0 926.0
5 843.0 927.0
5 844.0 928.0
5 845.0 929.0
5 846.0 930.0
6 931.0 967.0
6 932.0 968.0
6 933.0 969.0
6 934.0 970.0
6 935.0 971.0
6 936.0 972.0
6 937.0 973.0
6 938.0 974.0
6 939.0 975.0
6 940.0 976.0
6 941.0 977.0
6 942.0 978.0
6 943.0 979.0
6 944.0 980.0
6 945.0 981.0
6 946.0 982.0
6 947.0 983.0
6 948.0 984.0
6 949.0 985.0
6 950.0 986.0
6 951.0 987.0
6 952.0 988.0
6 953.0 989.0
6 954.0 990.0
6 955.0 991.0
6 956.0 992.0
6 957.0 993.0
6 958.0 994.0
6 959.0 995.0
6 960.0 996.0
6 961.0 997.0
6 962.0 998.0
6 963.0 999.0
6 964.0 1000.0
6 965.0 1001.0
6 966.0 1002.0
7 1003.0 1012.0
7 1004.0 1013.0
7 1005.0 1014.0
7 1006.0 1015.0
7 1007.0 1016.0
7 1008.0 1017.0
7 1009.0 1018.0
7 1010.0 1019.0
7 1011.0 1020.0
8 1021.0 1022.0